 2.0 -0.50000000
 2.0 -0.12500000
 2.0 -0.05555525
 2.0 -0.03084976
 2.0 -0.01289492
 2.0  0.01307805
 2.0  0.04985531
 2.0  0.09962818
 2.0  0.16604140
 2.0  0.25478573
 2.0  0.37476279
 2.0  0.54028829
 2.0  0.77539279
 2.0  1.12277574
 2.0  1.66413886
 2.0  2.57192660
 2.0  4.26293204
 2.0  7.96790797
 2.0 18.75320893
 2.0 78.77424392
 2.0 -0.50000000
 2.0 -0.12499526
 2.0 -0.05155664
 2.0  0.00974918
 2.0  0.10352287
 2.0  0.23482324
 2.0  0.41061648
 2.0  0.64209740
 2.0  0.94620066
 2.0  1.34854015
 2.0  1.88868630
 2.0  2.62986971
 2.0  3.67776498
 2.0  5.21943028
 2.0  7.61141040
 2.0 11.60305649
 2.0 18.99654184
 2.0 35.08097898
 2.0 81.45158738
 2.0335.48834223
