 3.0 -0.50000000
 3.0 -0.12500000
 3.0 -0.05555525
 3.0 -0.03084976
 3.0 -0.01289492
 3.0  0.01307805
 3.0  0.04985531
 3.0  0.09962818
 3.0  0.16604140
 3.0  0.25478573
 3.0  0.37476279
 3.0  0.54028829
 3.0  0.77539279
 3.0  1.12277574
 3.0  1.66413886
 3.0  2.57192660
 3.0  4.26293204
 3.0  7.96790797
 3.0 18.75320893
 3.0 78.77424392
 3.0 -0.50000000
 3.0 -0.12499526
 3.0 -0.05155664
 3.0  0.00974918
 3.0  0.10352287
 3.0  0.23482324
 3.0  0.41061648
 3.0  0.64209740
 3.0  0.94620066
 3.0  1.34854015
 3.0  1.88868630
 3.0  2.62986971
 3.0  3.67776498
 3.0  5.21943028
 3.0  7.61141040
 3.0 11.60305649
 3.0 18.99654184
 3.0 35.08097898
 3.0 81.45158738
 3.0335.48834223
 3.0 -0.50000000
 3.0 -0.12405083
 3.0 -0.01532071
 3.0  0.14231317
 3.0  0.37395155
 3.0  0.68956487
 3.0  1.10667187
 3.0  1.65201342
 3.0  2.36539319
 3.0  3.30660927
 3.0  4.56773199
 3.0  6.29559380
 3.0  8.73524772
 3.0 12.31994955
 3.0 17.87452005
 3.0 27.13019615
 3.0 44.24413216
 3.0 81.39366504
 3.0188.17138143
 3.0770.27043630
