 4.0 -0.50000000
 4.0 -0.12500000
 4.0 -0.05555525
 4.0 -0.03084976
 4.0 -0.01289492
 4.0  0.01307805
 4.0  0.04985531
 4.0  0.09962818
 4.0  0.16604140
 4.0  0.25478573
 4.0  0.37476279
 4.0  0.54028829
 4.0  0.77539279
 4.0  1.12277574
 4.0  1.66413886
 4.0  2.57192660
 4.0  4.26293204
 4.0  7.96790797
 4.0 18.75320893
 4.0 78.77424392
 4.0 -0.50000000
 4.0 -0.12499526
 4.0 -0.05155664
 4.0  0.00974918
 4.0  0.10352287
 4.0  0.23482324
 4.0  0.41061648
 4.0  0.64209740
 4.0  0.94620066
 4.0  1.34854015
 4.0  1.88868630
 4.0  2.62986971
 4.0  3.67776498
 4.0  5.21943028
 4.0  7.61141040
 4.0 11.60305649
 4.0 18.99654184
 4.0 35.08097898
 4.0 81.45158738
 4.0335.48834223
 4.0 -0.50000000
 4.0 -0.12405083
 4.0 -0.01532071
 4.0  0.14231317
 4.0  0.37395155
 4.0  0.68956487
 4.0  1.10667187
 4.0  1.65201342
 4.0  2.36539319
 4.0  3.30660927
 4.0  4.56773199
 4.0  6.29559380
 4.0  8.73524772
 4.0 12.31994955
 4.0 17.87452005
 4.0 27.13019615
 4.0 44.24413216
 4.0 81.39366504
 4.0188.17138143
 4.0770.27043630
 4.0 -0.49999978
 4.0 -0.11602922
 4.0  0.07145076
 4.0  0.37138444
 4.0  0.80029851
 4.0  1.37823601
 4.0  2.13800900
 4.0  3.12857171
 4.0  4.42219931
 4.0  6.12711285
 4.0  8.40968163
 4.0 11.53499710
 4.0 15.94520087
 4.0 22.42156662
 4.0 32.45060993
 4.0 49.15042221
 4.0 80.00273198
 4.0146.90296159
 4.0338.90957690
 4.0************
