 5.0 -0.50000000
 5.0 -0.12500000
 5.0 -0.05555525
 5.0 -0.03084976
 5.0 -0.01289492
 5.0  0.01307805
 5.0  0.04985531
 5.0  0.09962818
 5.0  0.16604140
 5.0  0.25478573
 5.0  0.37476279
 5.0  0.54028829
 5.0  0.77539279
 5.0  1.12277574
 5.0  1.66413886
 5.0  2.57192660
 5.0  4.26293204
 5.0  7.96790797
 5.0 18.75320893
 5.0 78.77424392
 5.0 -0.50000000
 5.0 -0.12499526
 5.0 -0.05155664
 5.0  0.00974918
 5.0  0.10352287
 5.0  0.23482324
 5.0  0.41061648
 5.0  0.64209740
 5.0  0.94620066
 5.0  1.34854015
 5.0  1.88868630
 5.0  2.62986971
 5.0  3.67776498
 5.0  5.21943028
 5.0  7.61141040
 5.0 11.60305649
 5.0 18.99654184
 5.0 35.08097898
 5.0 81.45158738
 5.0335.48834223
 5.0 -0.50000000
 5.0 -0.12405083
 5.0 -0.01532071
 5.0  0.14231317
 5.0  0.37395155
 5.0  0.68956487
 5.0  1.10667187
 5.0  1.65201342
 5.0  2.36539319
 5.0  3.30660927
 5.0  4.56773199
 5.0  6.29559380
 5.0  8.73524772
 5.0 12.31994955
 5.0 17.87452005
 5.0 27.13019615
 5.0 44.24413216
 5.0 81.39366504
 5.0188.17138143
 5.0770.27043630
 5.0 -0.49999978
 5.0 -0.11602922
 5.0  0.07145076
 5.0  0.37138444
 5.0  0.80029851
 5.0  1.37823601
 5.0  2.13800900
 5.0  3.12857171
 5.0  4.42219931
 5.0  6.12711285
 5.0  8.40968163
 5.0 11.53499710
 5.0 15.94520087
 5.0 22.42156662
 5.0 32.45060993
 5.0 49.15042221
 5.0 80.00273198
 5.0146.90296159
 5.0338.90957690
 5.0************
 5.0 -0.49998932
 5.0 -0.09319346
 5.0  0.21156766
 5.0  0.69729461
 5.0  1.38222417
 5.0  2.30012325
 5.0  3.50376211
 5.0  5.07087316
 5.0  7.11574174
 5.0  9.80921751
 5.0 13.41375143
 5.0 18.34734368
 5.0 25.30693133
 5.0 35.52362503
 5.0 51.33905367
 5.0 77.66313193
 5.0126.27175591
 5.0231.60829452
 5.0533.66560698
 5.0************
