 6 -0.50000000
 6 -0.12500000
 6 -0.05555556
 6 -0.03125000
 6 -0.02000000
 6 -0.01388889
 6 -0.01020408
 6 -0.00781250
 6 -0.00617284
 6 -0.00500000
 6 -0.00413223
 6 -0.00347222
 6 -0.00295858
 6 -0.00255102
 6 -0.00222222
 6 -0.00195312
 6 -0.00173010
 6 -0.00154321
 6 -0.00138504
 6 -0.00125000
 6 -0.00113379
 6 -0.00103306
 6 -0.00094518
 6 -0.00086806
 6 -0.00080000
 6 -0.00073964
 6 -0.00068587
 6 -0.00063776
 6 -0.00059453
 6 -0.00055556
 6 -0.00052029
 6 -0.00048828
 6 -0.00045914
 6 -0.00043253
 6 -0.00040816
 6 -0.00038580
 6 -0.00036523
 6 -0.00034626
 6 -0.00032873
 6 -0.00031250
 6 -0.00029744
 6 -0.00028345
 6 -0.00027042
 6 -0.00025826
 6 -0.00024691
 6 -0.00023629
 6 -0.00022635
 6 -0.00021701
 6 -0.00020825
 6 -0.00020000
 6 -0.00019223
 6 -0.00018491
 6 -0.00017800
 6 -0.00017147
 6 -0.00016529
 6 -0.00015944
 6 -0.00015389
 6 -0.00014863
 6 -0.00014364
 6 -0.00013889
 6 -0.00013437
 6 -0.00013007
 6 -0.00012598
 6 -0.00012207
 6 -0.00011834
 6 -0.00011478
 6 -0.00011138
 6 -0.00010813
 6 -0.00010502
 6 -0.00010204
 6 -0.00009919
 6 -0.00009645
 6 -0.00009383
 6 -0.00009131
 6 -0.00008889
 6 -0.00008657
 6 -0.00008433
 6 -0.00008218
 6 -0.00008012
 6 -0.00007812
 6 -0.00007621
 6 -0.00007436
 6 -0.00007258
 6 -0.00007086
 6 -0.00006920
 6 -0.00006760
 6 -0.00006606
 6 -0.00006457
 6 -0.00006312
 6 -0.00006173
 6 -0.00006038
 6 -0.00005907
 6 -0.00005781
 6 -0.00005659
 6 -0.00005540
 6 -0.00005425
 6 -0.00005314
 6 -0.00005206
 6 -0.00005102
 6 -0.00005000
 6 -0.00004901
 6 -0.00004806
 6 -0.00004713
 6 -0.00004623
 6 -0.00004535
 6 -0.00004450
 6 -0.00004367
 6 -0.00004287
 6 -0.00004208
 6 -0.00004132
 6 -0.00004058
 6 -0.00003986
 6 -0.00003916
 6 -0.00003847
 6 -0.00003781
 6 -0.00003716
 6 -0.00003653
 6 -0.00003591
 6 -0.00003531
 6 -0.00003472
 6 -0.00003415
 6 -0.00003359
 6 -0.00003305
 6 -0.00003252
 6 -0.00003200
 6 -0.00003149
 6 -0.00003100
 6 -0.00003052
 6 -0.00003005
 6 -0.00002959
 6 -0.00002914
 6 -0.00002870
 6 -0.00002827
 6 -0.00002785
 6 -0.00002743
 6 -0.00002703
 6 -0.00002664
 6 -0.00002625
 6 -0.00002588
 6 -0.00002551
 6 -0.00002515
 6 -0.00002480
 6 -0.00002445
 6 -0.00002411
 6 -0.00002378
 6 -0.00002346
 6 -0.00002314
 6 -0.00002283
 6 -0.00002252
 6 -0.00002222
 6 -0.00002193
 6 -0.00002164
 6 -0.00002136
 6 -0.00002108
 6 -0.00002081
 6 -0.00002055
 6 -0.00002028
 6 -0.00002003
 6 -0.00001978
 6 -0.00001953
 6 -0.00001929
 6 -0.00001905
 6 -0.00001882
 6 -0.00001859
 6 -0.00001837
 6 -0.00001814
 6 -0.00001793
 6 -0.00001772
 6 -0.00001751
 6 -0.00001730
 6 -0.00001710
 6 -0.00001690
 6 -0.00001671
 6 -0.00001651
 6 -0.00001633
 6 -0.00001614
 6 -0.00001596
 6 -0.00001578
 6 -0.00001561
 6 -0.00001543
 6 -0.00001526
 6 -0.00001509
 6 -0.00001493
 6 -0.00001477
 6 -0.00001461
 6 -0.00001445
 6 -0.00001430
 6 -0.00001415
 6 -0.00001400
 6 -0.00001385
 6 -0.00001371
 6 -0.00001356
 6 -0.00001342
 6 -0.00001329
 6 -0.00001315
 6 -0.00001302
 6 -0.00001288
 6 -0.00001275
 6 -0.00001263
 6 -0.00001250
 6 -0.00001238
 6 -0.00001225
 6 -0.00001213
 6 -0.00001201
 6 -0.00001190
 6 -0.00001178
 6 -0.00001167
 6 -0.00001156
 6 -0.00001145
 6 -0.00001134
 6 -0.00001123
 6 -0.00001112
 6 -0.00001102
 6 -0.00001092
 6 -0.00001082
 6 -0.00001072
 6 -0.00001062
 6 -0.00001052
 6 -0.00001043
 6 -0.00001033
 6 -0.00001024
 6 -0.00001015
 6 -0.00001005
 6 -0.00000996
 6 -0.00000988
 6 -0.00000979
 6 -0.00000970
 6 -0.00000962
 6 -0.00000953
 6 -0.00000945
 6 -0.00000937
 6 -0.00000929
 6 -0.00000921
 6 -0.00000913
 6 -0.00000905
 6 -0.00000898
 6 -0.00000890
 6 -0.00000883
 6 -0.00000875
 6 -0.00000868
 6 -0.00000861
 6 -0.00000854
 6 -0.00000847
 6 -0.00000840
 6 -0.00000833
 6 -0.00000826
 6 -0.00000820
 6 -0.00000813
 6 -0.00000806
 6 -0.00000800
 6 -0.00000794
 6 -0.00000787
 6 -0.00000781
 6 -0.00000775
 6 -0.00000769
 6 -0.00000763
 6 -0.00000757
 6 -0.00000751
 6 -0.00000745
 6 -0.00000740
 6 -0.00000734
 6 -0.00000728
 6 -0.00000723
 6 -0.00000717
 6 -0.00000712
 6 -0.00000707
 6 -0.00000701
 6 -0.00000696
 6 -0.00000691
 6 -0.00000686
 6 -0.00000681
 6 -0.00000676
 6 -0.00000671
 6 -0.00000666
 6 -0.00000661
 6 -0.00000656
 6 -0.00000652
 6 -0.00000647
 6 -0.00000642
 6 -0.00000638
 6 -0.00000633
 6 -0.00000629
 6 -0.00000624
 6 -0.00000620
 6 -0.00000616
 6 -0.00000611
 6 -0.00000607
 6 -0.00000603
 6 -0.00000599
 6 -0.00000595
 6 -0.00000590
 6 -0.00000586
 6 -0.00000582
 6 -0.00000578
 6 -0.00000575
 6 -0.00000571
 6 -0.00000567
 6 -0.00000563
 6 -0.00000559
 6 -0.00000556
 6 -0.00000552
 6 -0.00000548
 6 -0.00000545
 6 -0.00000541
 6 -0.00000537
 6 -0.00000534
 6 -0.00000531
 6 -0.00000527
 6 -0.00000524
 6 -0.00000520
 6 -0.00000517
 6 -0.00000514
 6 -0.00000510
 6 -0.00000507
 6 -0.00000504
 6 -0.00000501
 6 -0.00000498
 6 -0.00000494
 6 -0.00000491
 6 -0.00000488
 6 -0.00000485
 6 -0.00000482
 6 -0.00000479
 6 -0.00000476
 6 -0.00000473
 6 -0.00000470
 6 -0.00000468
 6 -0.00000465
 6 -0.00000462
 6 -0.00000459
 6 -0.00000456
 6 -0.00000454
 6 -0.00000451
 6 -0.00000448
 6 -0.00000446
 6 -0.00000443
 6 -0.00000440
 6 -0.00000438
 6 -0.00000435
 6 -0.00000433
 6 -0.00000430
 6 -0.00000427
 6 -0.00000425
 6 -0.00000423
 6 -0.00000420
 6 -0.00000418
 6 -0.00000415
 6 -0.00000413
 6 -0.00000411
 6 -0.00000408
 6 -0.00000406
 6 -0.00000404
 6 -0.00000401
 6 -0.00000399
 6 -0.00000397
 6 -0.00000395
 6 -0.00000392
 6 -0.00000390
 6 -0.00000388
 6 -0.00000386
 6 -0.00000384
 6 -0.00000382
 6 -0.00000379
 6 -0.00000377
 6 -0.00000375
 6 -0.00000373
 6 -0.00000371
 6 -0.00000369
 6 -0.00000367
 6 -0.00000365
 6 -0.00000363
 6 -0.00000361
 6 -0.00000359
 6 -0.00000357
 6 -0.00000356
 6 -0.00000354
 6 -0.00000352
 6 -0.00000350
 6 -0.00000348
 6 -0.00000346
 6 -0.00000344
 6 -0.00000343
 6 -0.00000341
 6 -0.00000339
 6 -0.00000337
 6 -0.00000336
 6 -0.00000334
 6 -0.00000332
 6 -0.00000330
 6 -0.00000329
 6 -0.00000327
 6 -0.00000325
 6 -0.00000324
 6 -0.00000322
 6 -0.00000320
 6 -0.00000319
 6 -0.00000317
 6 -0.00000316
 6 -0.00000314
 6 -0.00000312
 6 -0.00000311
 6 -0.00000309
 6 -0.00000308
 6 -0.00000306
 6 -0.00000305
 6 -0.00000303
 6 -0.00000302
 6 -0.00000300
 6 -0.00000299
 6 -0.00000297
 6 -0.00000296
 6 -0.00000295
 6 -0.00000293
 6 -0.00000292
 6 -0.00000290
 6 -0.00000289
 6 -0.00000288
 6 -0.00000286
 6 -0.00000285
 6 -0.00000283
 6 -0.00000282
 6 -0.00000281
 6 -0.00000279
 6 -0.00000278
 6 -0.00000277
 6 -0.00000276
 6 -0.00000274
 6 -0.00000273
 6 -0.00000272
 6 -0.00000270
 6 -0.00000269
 6 -0.00000268
 6 -0.00000267
 6 -0.00000265
 6 -0.00000264
 6 -0.00000263
 6 -0.00000262
 6 -0.00000261
 6 -0.00000259
 6 -0.00000258
 6 -0.00000257
 6 -0.00000256
 6 -0.00000255
 6 -0.00000254
 6 -0.00000252
 6 -0.00000251
 6 -0.00000250
 6 -0.00000249
 6 -0.00000248
 6 -0.00000247
 6 -0.00000246
 6 -0.00000245
 6 -0.00000244
 6 -0.00000243
 6 -0.00000242
 6 -0.00000240
 6 -0.00000239
 6 -0.00000238
 6 -0.00000237
 6 -0.00000236
 6 -0.00000235
 6 -0.00000234
 6 -0.00000233
 6 -0.00000232
 6 -0.00000231
 6 -0.00000230
 6 -0.00000229
 6 -0.00000228
 6 -0.00000227
 6 -0.00000226
 6 -0.00000225
 6 -0.00000224
 6 -0.00000223
 6 -0.00000223
 6 -0.00000222
 6 -0.00000221
 6 -0.00000220
 6 -0.00000219
 6 -0.00000218
 6 -0.00000217
 6 -0.00000216
 6 -0.00000215
 6 -0.00000214
 6 -0.00000213
 6 -0.00000213
 6 -0.00000212
 6 -0.00000211
 6 -0.00000210
 6 -0.00000209
 6 -0.00000208
 6 -0.00000207
 6 -0.00000207
 6 -0.00000206
 6 -0.00000205
 6 -0.00000204
 6 -0.00000203
 6 -0.00000202
 6 -0.00000202
 6 -0.00000201
 6 -0.00000200
 6 -0.00000199
 6 -0.00000198
 6 -0.00000198
 6 -0.00000197
 6 -0.00000196
 6 -0.00000195
 6 -0.00000195
 6 -0.00000194
 6 -0.00000193
 6 -0.00000192
 6 -0.00000191
 6 -0.00000191
 6 -0.00000190
 6 -0.00000189
 6 -0.00000189
 6 -0.00000188
 6 -0.00000187
 6 -0.00000186
 6 -0.00000186
 6 -0.00000185
 6 -0.00000184
 6 -0.00000183
 6 -0.00000183
 6 -0.00000182
 6 -0.00000181
 6 -0.00000181
 6 -0.00000180
 6 -0.00000179
 6 -0.00000179
 6 -0.00000178
 6 -0.00000177
 6 -0.00000177
 6 -0.00000176
 6 -0.00000175
 6 -0.00000175
 6 -0.00000174
 6 -0.00000173
 6 -0.00000173
 6 -0.00000172
 6 -0.00000171
 6 -0.00000171
 6 -0.00000170
 6 -0.00000170
 6 -0.00000169
 6 -0.00000168
 6 -0.00000168
 6 -0.00000167
 6 -0.00000166
 6 -0.00000166
 6 -0.00000165
 6 -0.00000165
 6 -0.00000164
 6 -0.00000164
 6 -0.00000163
 6 -0.00000162
 6 -0.00000162
 6 -0.00000161
 6 -0.00000161
 6 -0.00000160
 6 -0.00000159
 6 -0.00000159
 6 -0.00000158
 6 -0.00000158
 6 -0.00000157
 6 -0.00000157
 6 -0.00000156
 6 -0.00000156
 6 -0.00000155
 6 -0.00000154
 6 -0.00000154
 6 -0.00000153
 6 -0.00000153
 6 -0.00000152
 6 -0.00000152
 6 -0.00000151
 6 -0.00000151
 6 -0.00000150
 6 -0.00000150
 6 -0.00000149
 6 -0.00000149
 6 -0.00000148
 6 -0.00000148
 6 -0.00000147
 6 -0.00000147
 6 -0.00000146
 6 -0.00000146
 6 -0.00000145
 6 -0.00000145
 6 -0.00000144
 6 -0.00000144
 6 -0.00000143
 6 -0.00000143
 6 -0.00000142
 6 -0.00000142
 6 -0.00000141
 6 -0.00000141
 6 -0.00000140
 6 -0.00000140
 6 -0.00000139
 6 -0.00000139
 6 -0.00000138
 6 -0.00000138
 6 -0.00000138
 6 -0.00000137
 6 -0.00000137
 6 -0.00000136
 6 -0.00000136
 6 -0.00000135
 6 -0.00000135
 6 -0.00000134
 6 -0.00000134
 6 -0.00000133
 6 -0.00000133
 6 -0.00000133
 6 -0.00000132
 6 -0.00000132
 6 -0.00000131
 6 -0.00000131
 6 -0.00000130
 6 -0.00000130
 6 -0.00000130
 6 -0.00000129
 6 -0.00000129
 6 -0.00000128
 6 -0.00000128
 6 -0.00000128
 6 -0.00000127
 6 -0.00000127
 6 -0.00000126
 6 -0.00000126
 6 -0.00000126
 6 -0.00000125
 6 -0.00000125
 6 -0.00000124
 6 -0.00000124
 6 -0.00000124
 6 -0.00000123
 6 -0.00000123
 6 -0.00000122
 6 -0.00000122
 6 -0.00000122
 6 -0.00000121
 6 -0.00000121
 6 -0.00000121
 6 -0.00000120
 6 -0.00000120
 6 -0.00000119
 6 -0.00000119
 6 -0.00000119
 6 -0.00000118
 6 -0.00000118
 6 -0.00000118
 6 -0.00000117
 6 -0.00000117
 6 -0.00000117
 6 -0.00000116
 6 -0.00000116
 6 -0.00000115
 6 -0.00000115
 6 -0.00000115
 6 -0.00000114
 6 -0.00000114
 6 -0.00000114
 6 -0.00000113
 6 -0.00000113
 6 -0.00000113
 6 -0.00000112
 6 -0.00000112
 6 -0.00000112
 6 -0.00000111
 6 -0.00000111
 6 -0.00000111
 6 -0.00000110
 6 -0.00000110
 6 -0.00000110
 6 -0.00000109
 6 -0.00000109
 6 -0.00000109
 6 -0.00000108
 6 -0.00000108
 6 -0.00000108
 6 -0.00000107
 6 -0.00000107
 6 -0.00000107
 6 -0.00000107
 6 -0.00000106
 6 -0.00000106
 6 -0.00000106
 6 -0.00000105
 6 -0.00000105
 6 -0.00000105
 6 -0.00000104
 6 -0.00000104
 6 -0.00000104
 6 -0.00000104
 6 -0.00000103
 6 -0.00000103
 6 -0.00000103
 6 -0.00000102
 6 -0.00000102
 6 -0.00000102
 6 -0.00000101
 6 -0.00000101
 6 -0.00000101
 6 -0.00000101
 6 -0.00000100
 6 -0.00000100
 6 -0.00000100
 6 -0.00000099
 6 -0.00000099
 6 -0.00000099
 6 -0.00000099
 6 -0.00000098
 6 -0.00000098
 6 -0.00000098
 6 -0.00000098
 6 -0.00000097
 6 -0.00000097
 6 -0.00000097
 6 -0.00000096
 6 -0.00000096
 6 -0.00000096
 6 -0.00000096
 6 -0.00000095
 6 -0.00000095
 6 -0.00000095
 6 -0.00000095
 6 -0.00000094
 6 -0.00000094
 6 -0.00000094
 6 -0.00000094
 6 -0.00000093
 6 -0.00000093
 6 -0.00000093
 6 -0.00000093
 6 -0.00000092
 6 -0.00000092
 6 -0.00000092
 6 -0.00000092
 6 -0.00000091
 6 -0.00000091
 6 -0.00000091
 6 -0.00000091
 6 -0.00000090
 6 -0.00000090
 6 -0.00000090
 6 -0.00000090
 6 -0.00000089
 6 -0.00000089
 6 -0.00000089
 6 -0.00000089
 6 -0.00000088
 6 -0.00000088
 6 -0.00000088
 6 -0.00000088
 6 -0.00000087
 6 -0.00000087
 6 -0.00000087
 6 -0.00000087
 6 -0.00000087
 6 -0.00000086
 6 -0.00000086
 6 -0.00000086
 6 -0.00000086
 6 -0.00000085
 6 -0.00000085
 6 -0.00000085
 6 -0.00000085
 6 -0.00000085
 6 -0.00000084
 6 -0.00000084
 6 -0.00000084
 6 -0.00000084
 6 -0.00000083
 6 -0.00000083
 6 -0.00000083
 6 -0.00000083
 6 -0.00000083
 6 -0.00000082
 6 -0.00000082
 6 -0.00000082
 6 -0.00000082
 6 -0.00000082
 6 -0.00000081
 6 -0.00000081
 6 -0.00000081
 6 -0.00000081
 6 -0.00000081
 6 -0.00000080
 6 -0.00000080
 6 -0.00000080
 6 -0.00000080
 6 -0.00000080
 6 -0.00000079
 6 -0.00000079
 6 -0.00000079
 6 -0.00000079
 6 -0.00000079
 6 -0.00000078
 6 -0.00000078
 6 -0.00000078
 6 -0.00000078
 6 -0.00000078
 6 -0.00000077
 6 -0.00000077
 6 -0.00000077
 6 -0.00000077
 6 -0.00000077
 6 -0.00000076
 6 -0.00000076
 6 -0.00000076
 6 -0.00000076
 6 -0.00000076
 6 -0.00000075
 6 -0.00000075
 6 -0.00000075
 6 -0.00000075
 6 -0.00000075
 6 -0.00000075
 6 -0.00000074
 6 -0.00000074
 6 -0.00000074
 6 -0.00000074
 6 -0.00000074
 6 -0.00000073
 6 -0.00000073
 6 -0.00000073
 6 -0.00000073
 6 -0.00000073
 6 -0.00000073
 6 -0.00000072
 6 -0.00000072
 6 -0.00000072
 6 -0.00000072
 6 -0.00000072
 6 -0.00000072
 6 -0.00000071
 6 -0.00000071
 6 -0.00000071
 6 -0.00000071
 6 -0.00000071
 6 -0.00000071
 6 -0.00000070
 6 -0.00000070
 6 -0.00000070
 6 -0.00000070
 6 -0.00000070
 6 -0.00000070
 6 -0.00000069
 6 -0.00000069
 6 -0.00000069
 6 -0.00000069
 6 -0.00000069
 6 -0.00000069
 6 -0.00000068
 6 -0.00000068
 6 -0.00000068
 6 -0.00000068
 6 -0.00000068
 6 -0.00000068
 6 -0.00000067
 6 -0.00000067
 6 -0.00000067
 6 -0.00000067
 6 -0.00000067
 6 -0.00000067
 6 -0.00000067
 6 -0.00000066
 6 -0.00000066
 6 -0.00000066
 6 -0.00000066
 6 -0.00000066
 6 -0.00000066
 6 -0.00000065
 6 -0.00000065
 6 -0.00000065
 6 -0.00000065
 6 -0.00000065
 6 -0.00000065
 6 -0.00000065
 6 -0.00000064
 6 -0.00000064
 6 -0.00000064
 6 -0.00000064
 6 -0.00000064
 6 -0.00000064
 6 -0.00000064
 6 -0.00000063
 6 -0.00000063
 6 -0.00000063
 6 -0.00000063
 6 -0.00000063
 6 -0.00000063
 6 -0.00000063
 6 -0.00000062
 6 -0.00000062
 6 -0.00000062
 6 -0.00000062
 6 -0.00000062
 6 -0.00000062
 6 -0.00000062
 6 -0.00000061
 6 -0.00000061
 6 -0.00000061
 6 -0.00000061
 6 -0.00000061
 6 -0.00000061
 6 -0.00000061
 6 -0.00000061
 6 -0.00000060
 6 -0.00000060
 6 -0.00000060
 6 -0.00000060
 6 -0.00000060
 6 -0.00000060
 6 -0.00000060
 6 -0.00000059
 6 -0.00000059
 6 -0.00000059
 6 -0.00000059
 6 -0.00000059
 6 -0.00000059
 6 -0.00000059
 6 -0.00000059
 6 -0.00000058
 6 -0.00000058
 6 -0.00000058
 6 -0.00000058
 6 -0.00000058
 6 -0.00000058
 6 -0.00000058
 6 -0.00000058
 6 -0.00000057
 6 -0.00000057
 6 -0.00000057
 6 -0.00000057
 6 -0.00000057
 6 -0.00000057
 6 -0.00000057
 6 -0.00000057
 6 -0.00000056
 6 -0.00000056
 6 -0.00000056
 6 -0.00000056
 6 -0.00000056
 6 -0.00000056
 6 -0.00000056
 6 -0.00000056
 6 -0.00000056
 6 -0.00000055
 6 -0.00000055
 6 -0.00000055
 6 -0.00000055
 6 -0.00000055
 6 -0.00000055
 6 -0.00000055
 6 -0.00000055
 6 -0.00000054
 6 -0.00000054
 6 -0.00000054
 6 -0.00000054
 6 -0.00000054
 6 -0.00000054
 6 -0.00000054
 6 -0.00000054
 6 -0.00000054
 6 -0.00000053
 6 -0.00000053
 6 -0.00000053
 6 -0.00000053
 6 -0.00000053
 6 -0.00000053
 6 -0.00000053
 6 -0.00000053
 6 -0.00000053
 6 -0.00000052
 6 -0.00000052
 6 -0.00000052
 6 -0.00000052
 6 -0.00000052
 6 -0.00000052
 6 -0.00000052
 6 -0.00000052
 6 -0.00000052
 6 -0.00000052
 6 -0.00000051
 6 -0.00000051
 6 -0.00000051
 6 -0.00000051
 6 -0.00000051
 6 -0.00000051
 6 -0.00000051
 6 -0.00000051
 6 -0.00000051
 6 -0.00000051
 6 -0.00000050
 6 -0.00000050
 6 -0.00000050
 6 -0.00000050
 6 -0.00000050
