 60.00000000 -0.50000000
 60.00000000 -0.12500000
 60.00000000 -0.05555556
 60.00000000 -0.03125000
 60.00000000 -0.02000000
 60.00000000 -0.01388889
 60.00000000 -0.01020408
 60.00000000 -0.00781250
 60.00000000 -0.00617284
 60.00000000 -0.00500000
 60.00000000 -0.00413223
 60.00000000 -0.00347222
 60.00000000 -0.00295858
 60.00000000 -0.00255102
 60.00000000 -0.00222222
 60.00000000 -0.00195312
 60.00000000 -0.00173010
 60.00000000 -0.00154321
 60.00000000 -0.00138504
 60.00000000 -0.00125000
 60.00000000 -0.00113379
 60.00000000 -0.00103306
 60.00000000 -0.00094518
 60.00000000 -0.00086806
 60.00000000 -0.00080000
 60.00000000 -0.00073964
 60.00000000 -0.00068587
 60.00000000 -0.00063776
 60.00000000 -0.00059453
 60.00000000 -0.00055556
 60.00000000 -0.00052029
 60.00000000 -0.00048828
 60.00000000 -0.00045914
 60.00000000 -0.00043253
 60.00000000 -0.00040816
 60.00000000 -0.00038580
 60.00000000 -0.00036523
 60.00000000 -0.00034626
 60.00000000 -0.00032873
 60.00000000 -0.00031250
 60.00000000 -0.00029744
 60.00000000 -0.00028345
 60.00000000 -0.00027042
 60.00000000 -0.00025826
 60.00000000 -0.00024691
 60.00000000 -0.00023629
 60.00000000 -0.00022635
 60.00000000 -0.00021701
 60.00000000 -0.00020825
 60.00000000 -0.00020000
 60.00000000 -0.00019223
 60.00000000 -0.00018491
 60.00000000 -0.00017800
 60.00000000 -0.00017147
 60.00000000 -0.00016529
 60.00000000 -0.00015944
 60.00000000 -0.00015389
 60.00000000 -0.00014863
 60.00000000 -0.00014364
 60.00000000 -0.00013889
 60.00000000 -0.00013437
 60.00000000 -0.00013007
 60.00000000 -0.00012598
 60.00000000 -0.00012207
 60.00000000 -0.00011834
 60.00000000 -0.00011478
 60.00000000 -0.00011138
 60.00000000 -0.00010813
 60.00000000 -0.00010502
 60.00000000 -0.00010204
 60.00000000 -0.00009919
 60.00000000 -0.00009645
 60.00000000 -0.00009383
 60.00000000 -0.00009131
 60.00000000 -0.00008889
 60.00000000 -0.00008657
 60.00000000 -0.00008433
 60.00000000 -0.00008218
 60.00000000 -0.00008012
 60.00000000 -0.00007812
 60.00000000 -0.00007621
 60.00000000 -0.00007436
 60.00000000 -0.00007258
 60.00000000 -0.00007086
 60.00000000 -0.00006920
 60.00000000 -0.00006760
 60.00000000 -0.00006606
 60.00000000 -0.00006457
 60.00000000 -0.00006312
 60.00000000 -0.00006173
 60.00000000 -0.00006038
 60.00000000 -0.00005907
 60.00000000 -0.00005781
 60.00000000 -0.00005659
 60.00000000 -0.00005540
 60.00000000 -0.00005425
 60.00000000 -0.00005314
 60.00000000 -0.00005206
 60.00000000 -0.00005102
 60.00000000 -0.00005000
 60.00000000 -0.00004901
 60.00000000 -0.00004806
 60.00000000 -0.00004713
 60.00000000 -0.00004623
 60.00000000 -0.00004535
 60.00000000 -0.00004450
 60.00000000 -0.00004367
 60.00000000 -0.00004287
 60.00000000 -0.00004208
 60.00000000 -0.00004132
 60.00000000 -0.00004058
 60.00000000 -0.00003986
 60.00000000 -0.00003916
 60.00000000 -0.00003847
 60.00000000 -0.00003781
 60.00000000 -0.00003716
 60.00000000 -0.00003653
 60.00000000 -0.00003591
 60.00000000 -0.00003531
 60.00000000 -0.00003472
 60.00000000 -0.00003415
 60.00000000 -0.00003359
 60.00000000 -0.00003305
 60.00000000 -0.00003252
 60.00000000 -0.00003200
 60.00000000 -0.00003149
 60.00000000 -0.00003100
 60.00000000 -0.00003052
 60.00000000 -0.00003005
 60.00000000 -0.00002959
 60.00000000 -0.00002914
 60.00000000 -0.00002870
 60.00000000 -0.00002827
 60.00000000 -0.00002785
 60.00000000 -0.00002743
 60.00000000 -0.00002703
 60.00000000 -0.00002664
 60.00000000 -0.00002625
 60.00000000 -0.00002588
 60.00000000 -0.00002551
 60.00000000 -0.00002515
 60.00000000 -0.00002480
 60.00000000 -0.00002445
 60.00000000 -0.00002411
 60.00000000 -0.00002378
 60.00000000 -0.00002346
 60.00000000 -0.00002314
 60.00000000 -0.00002283
 60.00000000 -0.00002252
 60.00000000 -0.00002222
 60.00000000 -0.00002193
 60.00000000 -0.00002164
 60.00000000 -0.00002136
 60.00000000 -0.00002108
 60.00000000 -0.00002081
 60.00000000 -0.00002055
 60.00000000 -0.00002028
 60.00000000 -0.00002003
 60.00000000 -0.00001978
 60.00000000 -0.00001953
 60.00000000 -0.00001929
 60.00000000 -0.00001905
 60.00000000 -0.00001882
 60.00000000 -0.00001859
 60.00000000 -0.00001837
 60.00000000 -0.00001814
 60.00000000 -0.00001793
 60.00000000 -0.00001772
 60.00000000 -0.00001751
 60.00000000 -0.00001730
 60.00000000 -0.00001710
 60.00000000 -0.00001690
 60.00000000 -0.00001671
 60.00000000 -0.00001651
 60.00000000 -0.00001633
 60.00000000 -0.00001614
 60.00000000 -0.00001596
 60.00000000 -0.00001578
 60.00000000 -0.00001561
 60.00000000 -0.00001543
 60.00000000 -0.00001526
 60.00000000 -0.00001509
 60.00000000 -0.00001493
 60.00000000 -0.00001477
 60.00000000 -0.00001461
 60.00000000 -0.00001445
 60.00000000 -0.00001430
 60.00000000 -0.00001415
 60.00000000 -0.00001400
 60.00000000 -0.00001385
 60.00000000 -0.00001371
 60.00000000 -0.00001356
 60.00000000 -0.00001342
 60.00000000 -0.00001329
 60.00000000 -0.00001315
 60.00000000 -0.00001302
 60.00000000 -0.00001288
 60.00000000 -0.00001275
 60.00000000 -0.00001263
 60.00000000 -0.00001250
 60.00000000 -0.00001238
 60.00000000 -0.00001225
 60.00000000 -0.00001213
 60.00000000 -0.00001201
 60.00000000 -0.00001190
 60.00000000 -0.00001178
 60.00000000 -0.00001167
 60.00000000 -0.00001156
 60.00000000 -0.00001145
 60.00000000 -0.00001134
 60.00000000 -0.00001123
 60.00000000 -0.00001112
 60.00000000 -0.00001102
 60.00000000 -0.00001092
 60.00000000 -0.00001082
 60.00000000 -0.00001072
 60.00000000 -0.00001062
 60.00000000 -0.00001052
 60.00000000 -0.00001043
 60.00000000 -0.00001033
 60.00000000 -0.00001024
 60.00000000 -0.00001015
 60.00000000 -0.00001005
 60.00000000 -0.00000996
 60.00000000 -0.00000988
 60.00000000 -0.00000979
 60.00000000 -0.00000970
 60.00000000 -0.00000962
 60.00000000 -0.00000953
 60.00000000 -0.00000945
 60.00000000 -0.00000937
 60.00000000 -0.00000929
 60.00000000 -0.00000921
 60.00000000 -0.00000913
 60.00000000 -0.00000905
 60.00000000 -0.00000898
 60.00000000 -0.00000890
 60.00000000 -0.00000883
 60.00000000 -0.00000875
 60.00000000 -0.00000868
 60.00000000 -0.00000861
 60.00000000 -0.00000854
 60.00000000 -0.00000847
 60.00000000 -0.00000840
 60.00000000 -0.00000833
 60.00000000 -0.00000826
 60.00000000 -0.00000820
 60.00000000 -0.00000813
 60.00000000 -0.00000806
 60.00000000 -0.00000800
 60.00000000 -0.00000794
 60.00000000 -0.00000787
 60.00000000 -0.00000781
 60.00000000 -0.00000775
 60.00000000 -0.00000769
 60.00000000 -0.00000763
 60.00000000 -0.00000757
 60.00000000 -0.00000751
 60.00000000 -0.00000745
 60.00000000 -0.00000740
 60.00000000 -0.00000734
 60.00000000 -0.00000728
 60.00000000 -0.00000723
 60.00000000 -0.00000717
 60.00000000 -0.00000712
 60.00000000 -0.00000707
 60.00000000 -0.00000701
 60.00000000 -0.00000696
 60.00000000 -0.00000691
 60.00000000 -0.00000686
 60.00000000 -0.00000681
 60.00000000 -0.00000676
 60.00000000 -0.00000671
 60.00000000 -0.00000666
 60.00000000 -0.00000661
 60.00000000 -0.00000656
 60.00000000 -0.00000652
 60.00000000 -0.00000647
 60.00000000 -0.00000642
 60.00000000 -0.00000638
 60.00000000 -0.00000633
 60.00000000 -0.00000629
 60.00000000 -0.00000624
 60.00000000 -0.00000620
 60.00000000 -0.00000616
 60.00000000 -0.00000611
 60.00000000 -0.00000607
 60.00000000 -0.00000603
 60.00000000 -0.00000599
 60.00000000 -0.00000595
 60.00000000 -0.00000590
 60.00000000 -0.00000586
 60.00000000 -0.00000582
 60.00000000 -0.00000578
 60.00000000 -0.00000575
 60.00000000 -0.00000571
 60.00000000 -0.00000567
 60.00000000 -0.00000563
 60.00000000 -0.00000559
 60.00000000 -0.00000556
 60.00000000 -0.00000552
 60.00000000 -0.00000548
 60.00000000 -0.00000545
 60.00000000 -0.00000541
 60.00000000 -0.00000537
 60.00000000 -0.00000534
 60.00000000 -0.00000531
 60.00000000 -0.00000527
 60.00000000 -0.00000524
 60.00000000 -0.00000520
 60.00000000 -0.00000517
 60.00000000 -0.00000514
 60.00000000 -0.00000510
 60.00000000 -0.00000507
 60.00000000 -0.00000504
 60.00000000 -0.00000501
 60.00000000 -0.00000498
 60.00000000 -0.00000494
 60.00000000 -0.00000491
 60.00000000 -0.00000488
 60.00000000 -0.00000485
 60.00000000 -0.00000482
 60.00000000 -0.00000479
 60.00000000 -0.00000476
 60.00000000 -0.00000473
 60.00000000 -0.00000470
 60.00000000 -0.00000468
 60.00000000 -0.00000465
 60.00000000 -0.00000462
 60.00000000 -0.00000459
 60.00000000 -0.00000456
 60.00000000 -0.00000454
 60.00000000 -0.00000451
 60.00000000 -0.00000448
 60.00000000 -0.00000446
 60.00000000 -0.00000443
 60.00000000 -0.00000440
 60.00000000 -0.00000438
 60.00000000 -0.00000435
 60.00000000 -0.00000433
 60.00000000 -0.00000430
 60.00000000 -0.00000427
 60.00000000 -0.00000425
 60.00000000 -0.00000423
 60.00000000 -0.00000420
 60.00000000 -0.00000418
 60.00000000 -0.00000415
 60.00000000 -0.00000413
 60.00000000 -0.00000411
 60.00000000 -0.00000408
 60.00000000 -0.00000406
 60.00000000 -0.00000404
 60.00000000 -0.00000401
 60.00000000 -0.00000399
 60.00000000 -0.00000397
 60.00000000 -0.00000395
 60.00000000 -0.00000392
 60.00000000 -0.00000390
 60.00000000 -0.00000388
 60.00000000 -0.00000386
 60.00000000 -0.00000384
 60.00000000 -0.00000382
 60.00000000 -0.00000379
 60.00000000 -0.00000377
 60.00000000 -0.00000375
 60.00000000 -0.00000373
 60.00000000 -0.00000371
 60.00000000 -0.00000369
 60.00000000 -0.00000367
 60.00000000 -0.00000365
 60.00000000 -0.00000363
 60.00000000 -0.00000361
 60.00000000 -0.00000359
 60.00000000 -0.00000357
 60.00000000 -0.00000356
 60.00000000 -0.00000354
 60.00000000 -0.00000352
 60.00000000 -0.00000350
 60.00000000 -0.00000348
 60.00000000 -0.00000346
 60.00000000 -0.00000344
 60.00000000 -0.00000343
 60.00000000 -0.00000341
 60.00000000 -0.00000339
 60.00000000 -0.00000337
 60.00000000 -0.00000336
 60.00000000 -0.00000334
 60.00000000 -0.00000332
 60.00000000 -0.00000330
 60.00000000 -0.00000329
 60.00000000 -0.00000327
 60.00000000 -0.00000325
 60.00000000 -0.00000324
 60.00000000 -0.00000322
 60.00000000 -0.00000320
 60.00000000 -0.00000319
 60.00000000 -0.00000317
 60.00000000 -0.00000316
 60.00000000 -0.00000314
 60.00000000 -0.00000312
 60.00000000 -0.00000311
 60.00000000 -0.00000309
 60.00000000 -0.00000308
 60.00000000 -0.00000306
 60.00000000 -0.00000305
 60.00000000 -0.00000303
 60.00000000 -0.00000302
 60.00000000 -0.00000300
 60.00000000 -0.00000299
 60.00000000 -0.00000297
 60.00000000 -0.00000296
 60.00000000 -0.00000295
 60.00000000 -0.00000293
 60.00000000 -0.00000292
 60.00000000 -0.00000290
 60.00000000 -0.00000289
 60.00000000 -0.00000288
 60.00000000 -0.00000286
 60.00000000 -0.00000285
 60.00000000 -0.00000283
 60.00000000 -0.00000282
 60.00000000 -0.00000281
 60.00000000 -0.00000279
 60.00000000 -0.00000278
 60.00000000 -0.00000277
 60.00000000 -0.00000276
 60.00000000 -0.00000274
 60.00000000 -0.00000273
 60.00000000 -0.00000272
 60.00000000 -0.00000270
 60.00000000 -0.00000269
 60.00000000 -0.00000268
 60.00000000 -0.00000267
 60.00000000 -0.00000265
 60.00000000 -0.00000264
 60.00000000 -0.00000263
 60.00000000 -0.00000262
 60.00000000 -0.00000261
 60.00000000 -0.00000259
 60.00000000 -0.00000258
 60.00000000 -0.00000257
 60.00000000 -0.00000256
 60.00000000 -0.00000255
 60.00000000 -0.00000254
 60.00000000 -0.00000252
 60.00000000 -0.00000251
 60.00000000 -0.00000250
 60.00000000 -0.00000249
 60.00000000 -0.00000248
 60.00000000 -0.00000247
 60.00000000 -0.00000246
 60.00000000 -0.00000245
 60.00000000 -0.00000244
 60.00000000 -0.00000243
 60.00000000 -0.00000242
 60.00000000 -0.00000240
 60.00000000 -0.00000239
 60.00000000 -0.00000238
 60.00000000 -0.00000237
 60.00000000 -0.00000236
 60.00000000 -0.00000235
 60.00000000 -0.00000234
 60.00000000 -0.00000233
 60.00000000 -0.00000232
 60.00000000 -0.00000231
 60.00000000 -0.00000230
 60.00000000 -0.00000229
 60.00000000 -0.00000228
 60.00000000 -0.00000227
 60.00000000 -0.00000226
 60.00000000 -0.00000225
 60.00000000 -0.00000224
 60.00000000 -0.00000223
 60.00000000 -0.00000223
 60.00000000 -0.00000222
 60.00000000 -0.00000221
 60.00000000 -0.00000220
 60.00000000 -0.00000219
 60.00000000 -0.00000218
 60.00000000 -0.00000217
 60.00000000 -0.00000216
 60.00000000 -0.00000215
 60.00000000 -0.00000214
 60.00000000 -0.00000213
 60.00000000 -0.00000213
 60.00000000 -0.00000212
 60.00000000 -0.00000211
 60.00000000 -0.00000210
 60.00000000 -0.00000209
 60.00000000 -0.00000208
 60.00000000 -0.00000207
 60.00000000 -0.00000207
 60.00000000 -0.00000206
 60.00000000 -0.00000205
 60.00000000 -0.00000204
 60.00000000 -0.00000203
 60.00000000 -0.00000202
 60.00000000 -0.00000202
 60.00000000 -0.00000201
 60.00000000 -0.00000200
 60.00000000 -0.00000199
 60.00000000 -0.00000198
 60.00000000 -0.00000198
 60.00000000 -0.00000197
 60.00000000 -0.00000196
 60.00000000 -0.00000195
 60.00000000 -0.00000195
 60.00000000 -0.00000194
 60.00000000 -0.00000193
 60.00000000 -0.00000192
 60.00000000 -0.00000191
 60.00000000 -0.00000191
 60.00000000 -0.00000190
 60.00000000 -0.00000189
 60.00000000 -0.00000189
 60.00000000 -0.00000188
 60.00000000 -0.00000187
 60.00000000 -0.00000186
 60.00000000 -0.00000186
 60.00000000 -0.00000185
 60.00000000 -0.00000184
 60.00000000 -0.00000183
 60.00000000 -0.00000183
 60.00000000 -0.00000182
 60.00000000 -0.00000181
 60.00000000 -0.00000181
 60.00000000 -0.00000180
 60.00000000 -0.00000179
 60.00000000 -0.00000179
 60.00000000 -0.00000178
 60.00000000 -0.00000177
 60.00000000 -0.00000177
 60.00000000 -0.00000176
 60.00000000 -0.00000175
 60.00000000 -0.00000175
 60.00000000 -0.00000174
 60.00000000 -0.00000173
 60.00000000 -0.00000173
 60.00000000 -0.00000172
 60.00000000 -0.00000171
 60.00000000 -0.00000171
 60.00000000 -0.00000170
 60.00000000 -0.00000170
 60.00000000 -0.00000169
 60.00000000 -0.00000168
 60.00000000 -0.00000168
 60.00000000 -0.00000167
 60.00000000 -0.00000166
 60.00000000 -0.00000166
 60.00000000 -0.00000165
 60.00000000 -0.00000165
 60.00000000 -0.00000164
 60.00000000 -0.00000164
 60.00000000 -0.00000163
 60.00000000 -0.00000162
 60.00000000 -0.00000162
 60.00000000 -0.00000161
 60.00000000 -0.00000161
 60.00000000 -0.00000160
 60.00000000 -0.00000159
 60.00000000 -0.00000159
 60.00000000 -0.00000158
 60.00000000 -0.00000158
 60.00000000 -0.00000157
 60.00000000 -0.00000157
 60.00000000 -0.00000156
 60.00000000 -0.00000156
 60.00000000 -0.00000155
 60.00000000 -0.00000154
 60.00000000 -0.00000154
 60.00000000 -0.00000153
 60.00000000 -0.00000153
 60.00000000 -0.00000152
 60.00000000 -0.00000152
 60.00000000 -0.00000151
 60.00000000 -0.00000151
 60.00000000 -0.00000150
 60.00000000 -0.00000150
 60.00000000 -0.00000149
 60.00000000 -0.00000149
 60.00000000 -0.00000148
 60.00000000 -0.00000148
 60.00000000 -0.00000147
 60.00000000 -0.00000147
 60.00000000 -0.00000146
 60.00000000 -0.00000146
 60.00000000 -0.00000145
 60.00000000 -0.00000145
 60.00000000 -0.00000144
 60.00000000 -0.00000144
 60.00000000 -0.00000143
 60.00000000 -0.00000143
 60.00000000 -0.00000142
 60.00000000 -0.00000142
 60.00000000 -0.00000141
 60.00000000 -0.00000141
 60.00000000 -0.00000140
 60.00000000 -0.00000140
 60.00000000 -0.00000139
 60.00000000 -0.00000139
 60.00000000 -0.00000138
 60.00000000 -0.00000138
 60.00000000 -0.00000138
 60.00000000 -0.00000137
 60.00000000 -0.00000137
 60.00000000 -0.00000136
 60.00000000 -0.00000136
 60.00000000 -0.00000135
 60.00000000 -0.00000135
 60.00000000 -0.00000134
 60.00000000 -0.00000134
 60.00000000 -0.00000133
 60.00000000 -0.00000133
 60.00000000 -0.00000133
 60.00000000 -0.00000132
 60.00000000 -0.00000132
 60.00000000 -0.00000131
 60.00000000 -0.00000131
 60.00000000 -0.00000130
 60.00000000 -0.00000130
 60.00000000 -0.00000130
 60.00000000 -0.00000129
 60.00000000 -0.00000129
 60.00000000 -0.00000128
 60.00000000 -0.00000128
 60.00000000 -0.00000128
 60.00000000 -0.00000127
 60.00000000 -0.00000127
 60.00000000 -0.00000126
 60.00000000 -0.00000126
 60.00000000 -0.00000126
 60.00000000 -0.00000125
 60.00000000 -0.00000125
 60.00000000 -0.00000124
 60.00000000 -0.00000124
 60.00000000 -0.00000124
 60.00000000 -0.00000123
 60.00000000 -0.00000123
 60.00000000 -0.00000122
 60.00000000 -0.00000122
 60.00000000 -0.00000122
 60.00000000 -0.00000121
 60.00000000 -0.00000121
 60.00000000 -0.00000121
 60.00000000 -0.00000120
 60.00000000 -0.00000120
 60.00000000 -0.00000119
 60.00000000 -0.00000119
 60.00000000 -0.00000119
 60.00000000 -0.00000118
 60.00000000 -0.00000118
 60.00000000 -0.00000118
 60.00000000 -0.00000117
 60.00000000 -0.00000117
 60.00000000 -0.00000117
 60.00000000 -0.00000116
 60.00000000 -0.00000116
 60.00000000 -0.00000115
 60.00000000 -0.00000115
 60.00000000 -0.00000115
 60.00000000 -0.00000114
 60.00000000 -0.00000114
 60.00000000 -0.00000114
 60.00000000 -0.00000113
 60.00000000 -0.00000113
 60.00000000 -0.00000113
 60.00000000 -0.00000112
 60.00000000 -0.00000112
 60.00000000 -0.00000112
 60.00000000 -0.00000111
 60.00000000 -0.00000111
 60.00000000 -0.00000111
 60.00000000 -0.00000110
 60.00000000 -0.00000110
 60.00000000 -0.00000110
 60.00000000 -0.00000109
 60.00000000 -0.00000109
 60.00000000 -0.00000109
 60.00000000 -0.00000108
 60.00000000 -0.00000108
 60.00000000 -0.00000108
 60.00000000 -0.00000107
 60.00000000 -0.00000107
 60.00000000 -0.00000107
 60.00000000 -0.00000107
 60.00000000 -0.00000106
 60.00000000 -0.00000106
 60.00000000 -0.00000106
 60.00000000 -0.00000105
 60.00000000 -0.00000105
 60.00000000 -0.00000105
 60.00000000 -0.00000104
 60.00000000 -0.00000104
 60.00000000 -0.00000104
 60.00000000 -0.00000104
 60.00000000 -0.00000103
 60.00000000 -0.00000103
 60.00000000 -0.00000103
 60.00000000 -0.00000102
 60.00000000 -0.00000102
 60.00000000 -0.00000102
 60.00000000 -0.00000101
 60.00000000 -0.00000101
 60.00000000 -0.00000101
 60.00000000 -0.00000101
 60.00000000 -0.00000100
 60.00000000 -0.00000100
 60.00000000 -0.00000100
 60.00000000 -0.00000099
 60.00000000 -0.00000099
 60.00000000 -0.00000099
 60.00000000 -0.00000099
 60.00000000 -0.00000098
 60.00000000 -0.00000098
 60.00000000 -0.00000098
 60.00000000 -0.00000098
 60.00000000 -0.00000097
 60.00000000 -0.00000097
 60.00000000 -0.00000097
 60.00000000 -0.00000096
 60.00000000 -0.00000096
 60.00000000 -0.00000096
 60.00000000 -0.00000096
 60.00000000 -0.00000095
 60.00000000 -0.00000095
 60.00000000 -0.00000095
 60.00000000 -0.00000095
 60.00000000 -0.00000094
 60.00000000 -0.00000094
 60.00000000 -0.00000094
 60.00000000 -0.00000094
 60.00000000 -0.00000093
 60.00000000 -0.00000093
 60.00000000 -0.00000093
 60.00000000 -0.00000093
 60.00000000 -0.00000092
 60.00000000 -0.00000092
 60.00000000 -0.00000092
 60.00000000 -0.00000092
 60.00000000 -0.00000091
 60.00000000 -0.00000091
 60.00000000 -0.00000091
 60.00000000 -0.00000091
 60.00000000 -0.00000090
 60.00000000 -0.00000090
 60.00000000 -0.00000090
 60.00000000 -0.00000090
 60.00000000 -0.00000089
 60.00000000 -0.00000089
 60.00000000 -0.00000089
 60.00000000 -0.00000089
 60.00000000 -0.00000088
 60.00000000 -0.00000088
 60.00000000 -0.00000088
 60.00000000 -0.00000088
 60.00000000 -0.00000087
 60.00000000 -0.00000087
 60.00000000 -0.00000087
 60.00000000 -0.00000087
 60.00000000 -0.00000087
 60.00000000 -0.00000086
 60.00000000 -0.00000086
 60.00000000 -0.00000086
 60.00000000 -0.00000086
 60.00000000 -0.00000085
 60.00000000 -0.00000085
 60.00000000 -0.00000085
 60.00000000 -0.00000085
 60.00000000 -0.00000085
 60.00000000 -0.00000084
 60.00000000 -0.00000084
 60.00000000 -0.00000084
 60.00000000 -0.00000084
 60.00000000 -0.00000083
 60.00000000 -0.00000083
 60.00000000 -0.00000083
 60.00000000 -0.00000083
 60.00000000 -0.00000083
 60.00000000 -0.00000082
 60.00000000 -0.00000082
 60.00000000 -0.00000082
 60.00000000 -0.00000082
 60.00000000 -0.00000082
 60.00000000 -0.00000081
 60.00000000 -0.00000081
 60.00000000 -0.00000081
 60.00000000 -0.00000081
 60.00000000 -0.00000081
 60.00000000 -0.00000080
 60.00000000 -0.00000080
 60.00000000 -0.00000080
 60.00000000 -0.00000080
 60.00000000 -0.00000080
 60.00000000 -0.00000079
 60.00000000 -0.00000079
 60.00000000 -0.00000079
 60.00000000 -0.00000079
 60.00000000 -0.00000079
 60.00000000 -0.00000078
 60.00000000 -0.00000078
 60.00000000 -0.00000078
 60.00000000 -0.00000078
 60.00000000 -0.00000078
 60.00000000 -0.00000077
 60.00000000 -0.00000077
 60.00000000 -0.00000077
 60.00000000 -0.00000077
 60.00000000 -0.00000077
 60.00000000 -0.00000076
 60.00000000 -0.00000076
 60.00000000 -0.00000076
 60.00000000 -0.00000076
 60.00000000 -0.00000076
 60.00000000 -0.00000075
 60.00000000 -0.00000075
 60.00000000 -0.00000075
 60.00000000 -0.00000075
 60.00000000 -0.00000075
 60.00000000 -0.00000075
 60.00000000 -0.00000074
 60.00000000 -0.00000074
 60.00000000 -0.00000074
 60.00000000 -0.00000074
 60.00000000 -0.00000074
 60.00000000 -0.00000073
 60.00000000 -0.00000073
 60.00000000 -0.00000073
 60.00000000 -0.00000073
 60.00000000 -0.00000073
 60.00000000 -0.00000073
 60.00000000 -0.00000072
 60.00000000 -0.00000072
 60.00000000 -0.00000072
 60.00000000 -0.00000072
 60.00000000 -0.00000072
 60.00000000 -0.00000072
 60.00000000 -0.00000071
 60.00000000 -0.00000071
 60.00000000 -0.00000071
 60.00000000 -0.00000071
 60.00000000 -0.00000071
 60.00000000 -0.00000071
 60.00000000 -0.00000070
 60.00000000 -0.00000070
 60.00000000 -0.00000070
 60.00000000 -0.00000070
 60.00000000 -0.00000070
 60.00000000 -0.00000070
 60.00000000 -0.00000069
 60.00000000 -0.00000069
 60.00000000 -0.00000069
 60.00000000 -0.00000069
 60.00000000 -0.00000069
 60.00000000 -0.00000069
 60.00000000 -0.00000068
 60.00000000 -0.00000068
 60.00000000 -0.00000068
 60.00000000 -0.00000068
 60.00000000 -0.00000068
 60.00000000 -0.00000068
 60.00000000 -0.00000067
 60.00000000 -0.00000067
 60.00000000 -0.00000067
 60.00000000 -0.00000067
 60.00000000 -0.00000067
 60.00000000 -0.00000067
 60.00000000 -0.00000067
 60.00000000 -0.00000066
 60.00000000 -0.00000066
 60.00000000 -0.00000066
 60.00000000 -0.00000066
 60.00000000 -0.00000066
 60.00000000 -0.00000066
 60.00000000 -0.00000065
 60.00000000 -0.00000065
 60.00000000 -0.00000065
 60.00000000 -0.00000065
 60.00000000 -0.00000065
 60.00000000 -0.00000065
 60.00000000 -0.00000065
 60.00000000 -0.00000064
 60.00000000 -0.00000064
 60.00000000 -0.00000064
 60.00000000 -0.00000064
 60.00000000 -0.00000064
 60.00000000 -0.00000064
 60.00000000 -0.00000064
 60.00000000 -0.00000063
 60.00000000 -0.00000063
 60.00000000 -0.00000063
 60.00000000 -0.00000063
 60.00000000 -0.00000063
 60.00000000 -0.00000063
 60.00000000 -0.00000063
 60.00000000 -0.00000062
 60.00000000 -0.00000062
 60.00000000 -0.00000062
 60.00000000 -0.00000062
 60.00000000 -0.00000062
 60.00000000 -0.00000062
 60.00000000 -0.00000062
 60.00000000 -0.00000061
 60.00000000 -0.00000061
 60.00000000 -0.00000061
 60.00000000 -0.00000061
 60.00000000 -0.00000061
 60.00000000 -0.00000061
 60.00000000 -0.00000061
 60.00000000 -0.00000061
 60.00000000 -0.00000060
 60.00000000 -0.00000060
 60.00000000 -0.00000060
 60.00000000 -0.00000060
 60.00000000 -0.00000060
 60.00000000 -0.00000060
 60.00000000 -0.00000060
 60.00000000 -0.00000059
 60.00000000 -0.00000059
 60.00000000 -0.00000059
 60.00000000 -0.00000059
 60.00000000 -0.00000059
 60.00000000 -0.00000059
 60.00000000 -0.00000059
 60.00000000 -0.00000059
 60.00000000 -0.00000058
 60.00000000 -0.00000058
 60.00000000 -0.00000058
 60.00000000 -0.00000058
 60.00000000 -0.00000058
 60.00000000 -0.00000058
 60.00000000 -0.00000058
 60.00000000 -0.00000058
 60.00000000 -0.00000057
 60.00000000 -0.00000057
 60.00000000 -0.00000057
 60.00000000 -0.00000057
 60.00000000 -0.00000057
 60.00000000 -0.00000057
 60.00000000 -0.00000057
 60.00000000 -0.00000057
 60.00000000 -0.00000056
 60.00000000 -0.00000056
 60.00000000 -0.00000056
 60.00000000 -0.00000056
 60.00000000 -0.00000056
 60.00000000 -0.00000056
 60.00000000 -0.00000056
 60.00000000 -0.00000056
 60.00000000 -0.00000056
 60.00000000 -0.00000055
 60.00000000 -0.00000055
 60.00000000 -0.00000055
 60.00000000 -0.00000055
 60.00000000 -0.00000055
 60.00000000 -0.00000055
 60.00000000 -0.00000055
 60.00000000 -0.00000055
 60.00000000 -0.00000054
 60.00000000 -0.00000054
 60.00000000 -0.00000054
 60.00000000 -0.00000054
 60.00000000 -0.00000054
 60.00000000 -0.00000054
 60.00000000 -0.00000054
 60.00000000 -0.00000054
 60.00000000 -0.00000054
 60.00000000 -0.00000053
 60.00000000 -0.00000053
 60.00000000 -0.00000053
 60.00000000 -0.00000053
 60.00000000 -0.00000053
 60.00000000 -0.00000053
 60.00000000 -0.00000053
 60.00000000 -0.00000053
 60.00000000 -0.00000053
 60.00000000 -0.00000052
 60.00000000 -0.00000052
 60.00000000 -0.00000052
 60.00000000 -0.00000052
 60.00000000 -0.00000052
 60.00000000 -0.00000052
 60.00000000 -0.00000052
 60.00000000 -0.00000052
 60.00000000 -0.00000052
 60.00000000 -0.00000052
 60.00000000 -0.00000051
 60.00000000 -0.00000051
 60.00000000 -0.00000051
 60.00000000 -0.00000051
 60.00000000 -0.00000051
 60.00000000 -0.00000051
 60.00000000 -0.00000051
 60.00000000 -0.00000051
 60.00000000 -0.00000051
 60.00000000 -0.00000051
 60.00000000 -0.00000050
 60.00000000 -0.00000050
 60.00000000 -0.00000050
 60.00000000 -0.00000050
 60.00000000 -0.00000050
