  0.00000000  0.00000000  0.00000000  0.00000000  0.00000000  0.00000000  0.00000000  0.00000000  0.00000000  0.00000000  0.00000000  0.00000000  0.00000000  0.00000000  0.00000000  0.00000000  0.00000000  0.00000000  0.00000000  0.00000000  0.00000000
  0.50000000  0.03974301 -0.02346241  0.01617774 -0.01641717 -0.02155383  0.02410852 -0.03110098 -0.03393080 -0.04470780  0.04936378 -0.06735881 -0.07702204  0.11035335 -0.13416315 -0.20647089 -0.27736919  0.47630247  0.73529929 -1.28127046 -0.32165050
  1.00000000  0.12380755 -0.07222678  0.04932317 -0.05115463 -0.06397979  0.07533691 -0.09054545 -0.10485223 -0.12693771  0.14857098 -0.18390794 -0.21996026  0.28050653 -0.34312267 -0.44745471 -0.53129184  0.61254180  0.21727064  0.85595937  0.22543277
  1.50000000  0.21694819 -0.12380813  0.08379135 -0.08690060 -0.10691966  0.12614632 -0.14755289 -0.17037335 -0.19816562  0.22852850 -0.26577858 -0.30441651  0.34623872 -0.37253391 -0.35772314 -0.21404254 -0.22036361 -0.80569388 -0.34181428 -0.02039081
  2.00000000  0.30037231 -0.16562044  0.11036032 -0.11510228 -0.13642257  0.16377657 -0.18009309 -0.21106572 -0.22391965  0.25835806 -0.25847877 -0.28246053  0.22975235 -0.18104074  0.06044513  0.32425015 -0.71130073  0.33206828 -0.13591747 -0.15941526
  2.50000000  0.36551592 -0.19165220  0.12614060 -0.12624403 -0.15539933  0.16919821 -0.19584291 -0.19713237 -0.21957103  0.19607294 -0.19772729 -0.10999780  0.04468292  0.19133749  0.34325600  0.58214341  0.19501448  0.37798822  0.30410190  0.19463194
  3.00000000  0.40991628 -0.20025181  0.12769357 -0.12786841 -0.14780009  0.16229906 -0.16685419 -0.16509255 -0.14529600  0.11053853 -0.03901374  0.06245938 -0.21901934  0.36657357  0.42267049  0.00552106  0.57811068 -0.29676859 -0.07757461 -0.02668187
  3.50000000  0.43452536 -0.19227843  0.11722038 -0.11605047 -0.12401192  0.13380789 -0.11412061 -0.10294816 -0.04227972 -0.00502878  0.12956374  0.21404776 -0.37058918  0.31022354  0.12913645 -0.56964267 -0.02870829 -0.21666351 -0.17996159 -0.13728472
  4.00000000  0.44200318 -0.17005178  0.09771124 -0.08940204 -0.09399145  0.07985332 -0.05777443 -0.00797815  0.04966604 -0.14404160  0.22864437  0.32301480 -0.29258911  0.11957322 -0.36073774 -0.34873121 -0.42155335  0.18589821  0.07857243  0.04904389
  4.50000000  0.43566917 -0.13662654  0.07023191 -0.05632367 -0.05273363  0.01996451  0.01017701  0.08336098  0.13850097 -0.24146522  0.27036555  0.29951820 -0.08978002 -0.16713756 -0.51695582  0.24976105 -0.14114169  0.18255925  0.13810127  0.11085261
  5.00000000  0.41888825 -0.09519888  0.03682895 -0.02225835 -0.00079620 -0.03374784  0.08783484  0.14845657  0.21922739 -0.26220878  0.26146908  0.13253031  0.11238765 -0.40615968 -0.16125209  0.45076490  0.23538568 -0.07875746 -0.03210232 -0.02014847
  5.50000000  0.39473890 -0.04876730  0.00116605  0.01395724  0.05037817 -0.08545263  0.15361427  0.19429688  0.25844268 -0.22784413  0.17509242 -0.07724428  0.26868650 -0.38584698  0.31921901  0.13665608  0.23057141 -0.16761110 -0.12105849 -0.09938953
  6.00000000  0.36585874 -0.00000480 -0.03372154  0.05251980  0.09215478 -0.13712117  0.19202029  0.22622047  0.23689431 -0.16421168  0.01512252 -0.22803400  0.34164660 -0.07599359  0.46324754 -0.24130986 -0.03048217 -0.02602914 -0.03126863 -0.02934989
  6.50000000  0.33439827  0.04880304 -0.06653738  0.08894418  0.12548924 -0.17941974  0.20650213  0.23218675  0.17028258 -0.07230425 -0.15735256 -0.28880682  0.27177844  0.29772983  0.19941957 -0.30587420 -0.19430718  0.11560228  0.08213884  0.06818416
  7.00000000  0.30203674  0.09581078 -0.09670226  0.11803313  0.15422958 -0.20140172  0.20686493  0.19904838  0.08715694  0.04888342 -0.27026036 -0.27219659  0.05020327  0.45450504 -0.18016016 -0.08209678 -0.12433743  0.10181178  0.08263047  0.07217996
  7.50000000  0.27003036  0.13962981 -0.12316099  0.13831828  0.17744067 -0.20139554  0.19463859  0.13082004  0.00268560  0.17590375 -0.29247935 -0.18735623 -0.22573627  0.29675951 -0.35671601  0.16168579  0.04911658 -0.01502872 -0.00623639 -0.00369014
  8.00000000  0.23927450  0.17928954 -0.14442431  0.15178534  0.18977726 -0.18632522  0.16351157  0.04687756 -0.08263164  0.26717848 -0.23934593 -0.03831454 -0.40012095 -0.03747105 -0.24225226  0.22046228  0.14242338 -0.09762147 -0.07674835 -0.06687100
  8.50000000  0.21036849  0.21416536 -0.15942199  0.16050015  0.18716254 -0.16336491  0.10979725 -0.03329636 -0.16708590  0.29094780 -0.14307790  0.14676326 -0.36763865 -0.31118492  0.01928141  0.09473201  0.09497248 -0.07764983 -0.06560740 -0.05887259
  9.00000000  0.18367677  0.24390907 -0.16806546  0.16427708  0.17063249 -0.13410425  0.03946146 -0.10111063 -0.23708549  0.24462164 -0.02705264  0.30403102 -0.14627909 -0.36561179  0.21878608 -0.07647062 -0.02187164  0.00673865  0.00257093  0.00125764
  9.50000000  0.15938330  0.26839876 -0.17103833  0.16121549  0.14519076 -0.09577002 -0.03432654 -0.15747509 -0.27194392  0.15118053  0.09590319  0.36078673  0.13920655 -0.20416301  0.24061732 -0.15991007 -0.10210839  0.07419397  0.06091921  0.05431269
 10.00000000  0.13753777  0.28770299 -0.16915603  0.14985201  0.11584926 -0.04646129 -0.09903162 -0.20412722 -0.25731117  0.04115515  0.21030834  0.27979777  0.33938892  0.04549742  0.10999310 -0.11834186 -0.09407840  0.07569098  0.06498103  0.05907657
 10.50000000  0.11809376  0.30204577 -0.16288726  0.13072497  0.08468851  0.01103949 -0.14864993 -0.23714170 -0.19474252 -0.06305064  0.28974067  0.08602068  0.36478745  0.23290569 -0.06219673 -0.00629760 -0.02090071  0.02160067  0.02022751  0.01905020
 11.00000000  0.10093926  0.31176604 -0.15233380  0.10624680  0.05087101  0.06963614 -0.18389800 -0.24753786 -0.10085733 -0.15096846  0.30373516 -0.14290426  0.22318847  0.27215469 -0.16829426  0.09110164  0.05617832 -0.04136531 -0.03446294 -0.03100466
 11.50000000  0.08592050  0.31727479 -0.13754861  0.07933314  0.01284199  0.12138115 -0.20809328 -0.22716518  0.00151553 -0.21807829  0.23479649 -0.31459033 -0.00040194  0.17112837 -0.16345614  0.11824309  0.08734155 -0.07040121 -0.06115437 -0.05607824
 12.00000000  0.07286014  0.31901767 -0.11887445  0.05197780 -0.02934498  0.16107985 -0.22266798 -0.17469342  0.09320648 -0.25830929  0.09257460 -0.36461112 -0.19753667  0.00472499 -0.07275976  0.07307503  0.06155838 -0.05254744 -0.04685660 -0.04349631
 12.50000000  0.06157067  0.31744885 -0.09706040  0.02468423 -0.07316497  0.18775165 -0.22540304 -0.09764104  0.16387665 -0.26185703 -0.08485468 -0.28178584 -0.28942411 -0.13750510  0.04046756 -0.00607758  0.00311193 -0.00525616 -0.00566274 -0.00566068
 13.00000000  0.05186411  0.31301642 -0.07311781 -0.00310143 -0.11448033  0.20356231 -0.21193210 -0.00973497  0.21114804 -0.21956735 -0.24380279 -0.10690175 -0.25488503 -0.19629927  0.11620232 -0.07135136 -0.05060054  0.04064218  0.03543378  0.03260787
 13.50000000  0.04355863  0.30615548 -0.04804358 -0.03203508 -0.14929066  0.21141013 -0.17894487  0.07426001  0.23616211 -0.13023866 -0.33511133  0.08987059 -0.12726244 -0.16163322  0.12559644 -0.09210396 -0.07202918  0.06068890  0.05415449  0.05039887
 14.00000000  0.03648288  0.29728393 -0.02258335 -0.06204671 -0.17524207  0.21279581 -0.12690223  0.14323516  0.23930305 -0.00569733 -0.33197771  0.23936345  0.03027163 -0.06506694  0.07638942 -0.06562095 -0.05512510  0.04802987  0.04356982  0.04087927
 14.50000000  0.03047863  0.28679766  0.00285414 -0.09206075 -0.19215911  0.20704695 -0.06081937  0.19190463  0.21867040  0.12969949 -0.23820335  0.29797776  0.15524584  0.04328514  0.00044185 -0.01169801 -0.01339403  0.01300351  0.01236327  0.01185530
 15.00000000  0.02540202  0.27506421  0.02812248 -0.12030385 -0.20152896  0.19201456  0.01103303  0.22011827  0.17167886  0.24521169 -0.08478254  0.25840632  0.20877796  0.11910975 -0.06566877  0.04148321  0.03066967 -0.02533826 -0.02245937 -0.02085724
 15.50000000  0.02112397  0.26241630  0.05317192 -0.14494318 -0.20538661  0.16560668  0.07962877  0.23039818  0.09834018  0.31286219  0.08230466  0.14572243  0.18428897  0.13952253 -0.09674955  0.07137527  0.05747221 -0.04958284 -0.04492871 -0.04218735
 16.00000000  0.01752986  0.24914704  0.07788714 -0.16470261 -0.20522110  0.12727184  0.13764889  0.22529902  0.00412062  0.31588143  0.21751773  0.00353440  0.10272518  0.10653946 -0.08627673  0.06910583  0.05800395 -0.05110478 -0.04681933 -0.04421224
 16.50000000  0.01451887  0.23550827  0.10199900 -0.17919218 -0.20137128  0.07875710  0.18094946  0.20585748 -0.09924237  0.25344275  0.28880688 -0.12287128 -0.00039328  0.04062702 -0.04462063  0.04001380  0.03530921 -0.03187423 -0.02956941 -0.02810281
 17.00000000  0.01200298  0.22171217  0.12509343 -0.18886480 -0.19306751  0.02391492  0.20868904  0.17160187 -0.19545890  0.14041592  0.28465248 -0.20029589 -0.08953133 -0.03053433  0.00850606 -0.00139738  0.00087220 -0.00163300 -0.00189648 -0.00198096
 17.50000000  0.00990590  0.20793543  0.14669557 -0.19468256 -0.17897959 -0.03223700  0.22236711  0.12180301 -0.26731347  0.00273146  0.21414428 -0.21481548 -0.14014800 -0.08286050  0.05301028 -0.03864659 -0.03132098  0.02724350  0.02484342  0.02342300
 18.00000000  0.00816186  0.19432454  0.16638290 -0.19766886 -0.15796391 -0.08475303  0.22437363  0.05717944 -0.30089744 -0.12975773  0.10146627 -0.17186536 -0.14366444 -0.10278719  0.07528375 -0.05943427 -0.05024744  0.04468991  0.04124328  0.03912960
 18.50000000  0.00671451  0.18100087  0.18387984 -0.19852672 -0.12969371 -0.12982661  0.21668891 -0.01878156 -0.28906502 -0.23060618 -0.02254435 -0.09094985 -0.10651195 -0.08917237  0.07125537 -0.05892596 -0.05104146  0.04599223  0.04275206  0.04071797
 19.00000000  0.00551574  0.16806460  0.19910285 -0.19744221 -0.09496241 -0.16537206  0.20017206 -0.09945090 -0.23313548 -0.28235012 -0.12891392  0.00222466 -0.04512418 -0.05097018  0.04568715 -0.03983646 -0.03542747  0.03237191  0.03032357  0.02899998
 19.50000000  0.00452473  0.15559725  0.21214823 -0.19410441 -0.05560391 -0.19103073  0.17457343 -0.17577544 -0.14250782 -0.27922074 -0.19694115  0.08344792  0.02062897 -0.00251947  0.00894394 -0.01012848 -0.00995846  0.00953704  0.00915095  0.00885993
 20.00000000  0.00370689  0.14366310  0.22323490 -0.18789631 -0.01410977 -0.20771121  0.13912990 -0.23784181 -0.03247792 -0.22684296 -0.21739250  0.13558813  0.07335709  0.04155536 -0.02712512  0.02034890  0.01683609 -0.01483993 -0.01364582 -0.01292885
 20.50000000  0.00303308  0.13230986  0.23262623 -0.17816738  0.02689864 -0.21689222  0.09343554 -0.27680398  0.07902755 -0.13953632 -0.19245119  0.15119482  0.10202243  0.07031163 -0.05277262  0.04301728  0.03726544 -0.03369316 -0.03142485 -0.03000127
 21.00000000  0.00247879  0.12156940  0.24055589 -0.16449204  0.06517214 -0.21993817  0.03824716 -0.28664246  0.17493391 -0.03626592 -0.13317379  0.13224288  0.10331652  0.07855864 -0.06254848  0.05267612  0.04645443 -0.04242513 -0.03979690 -0.03811394
 21.50000000  0.00202351  0.11145876  0.24717719 -0.14684158  0.09917978 -0.21762153 -0.02403935 -0.26533197  0.24194755  0.06363288 -0.05559449  0.08779820  0.08085207  0.06699149 -0.05587480  0.04824713  0.04313983 -0.03971078 -0.03742248 -0.03593167
 22.00000000  0.00165006  0.10198185  0.25254452 -0.12563534  0.12823606 -0.20994827 -0.08936984 -0.21519519  0.27241939  0.14403544  0.02337185  0.03065810  0.04293079  0.04085734 -0.03626427  0.03229828  0.02936105 -0.02728077 -0.02584762 -0.02489191
 22.50000000  0.00134415  0.09313164  0.25662568 -0.10167563  0.15241562 -0.19628148 -0.15245432 -0.14243888  0.26495083  0.19435023  0.08933020 -0.02603739 -0.00022822  0.00785402 -0.00971890  0.00976891  0.00939066 -0.00898183 -0.00864577 -0.00839667
 23.00000000  0.00109387  0.08489269  0.25933645 -0.07599946  0.17231324 -0.17568110 -0.20750407 -0.05604725  0.22384043  0.21040462  0.13259145 -0.07149567 -0.03904055 -0.02405319  0.01710187 -0.01359801 -0.01164953  0.01048293  0.00975917  0.00931141
 23.50000000  0.00088935  0.07724372  0.26058472 -0.04969423  0.18873269 -0.14733845 -0.24909836  0.03368776  0.15767425  0.19403932  0.14900875 -0.09888510 -0.06639269 -0.04838432  0.03846283 -0.03267685 -0.02908410  0.02675819  0.02523340  0.02424705
 24.00000000  0.00072241  0.07015992  0.26031239 -0.02372382  0.20238794 -0.11098280 -0.27299176  0.11669451  0.07745947  0.15176643  0.13963075 -0.10582078 -0.07856004 -0.06119442  0.05059377 -0.04394744 -0.03961622  0.03672203  0.03478342  0.03350709
 24.50000000  0.00058630  0.06361481  0.25852552  0.00119974  0.21368087 -0.06716498 -0.27671190  0.18444437 -0.00530232  0.09293099  0.10952093 -0.09391218 -0.07525322 -0.06137592  0.05209798 -0.04593862 -0.04177708  0.03893095  0.03699410  0.03570180
 25.00000000  0.00047544  0.05758149  0.25530814  0.02467994  0.22259061 -0.01736572 -0.25986017  0.23088859 -0.08028111  0.02779625  0.06615461 -0.06769272 -0.05900359 -0.05033833  0.04379808 -0.03916385 -0.03591049  0.03363174  0.03205583  0.03098989
 25.50000000  0.00038523  0.05203343  0.25081911  0.04663303  0.22867947  0.03607841 -0.22409572  0.25292711 -0.13951770 -0.03411874  0.01777230 -0.03328029 -0.03417049 -0.03128213  0.02818637 -0.02568267 -0.02380423  0.02243737  0.02146865  0.02080022
 26.00000000  0.00031190  0.04694468  0.24527519  0.06723010  0.23119606  0.09020126 -0.17284162  0.25041855 -0.17807180 -0.08524502 -0.02802557  0.00292852 -0.00584665 -0.00830427  0.00868103 -0.00846185 -0.00812272  0.00780798  0.00755557  0.00736591
 26.50000000  0.00025234  0.04228983  0.23892534  0.08680371  0.22924103  0.14173171 -0.11079106  0.22580991 -0.19414040 -0.12063454 -0.06527419  0.03531675  0.02111849  0.01446031 -0.01112671  0.00929627  0.00820566 -0.00751980 -0.00707908 -0.00679778
 27.00000000  0.00020401  0.03804380  0.23202219  0.10574137  0.22195550  0.18745392 -0.04331019  0.18350521 -0.18874263 -0.13812172 -0.09017470  0.05974529  0.04283967  0.03351847 -0.02809731  0.02472891  0.02252421 -0.02103902 -0.02003450 -0.01936348
 27.50000000  0.00016482  0.03418155  0.22479566  0.12438612  0.20869573  0.22454451  0.02416786  0.12910512 -0.16510832 -0.13807248 -0.10119321  0.07386932  0.05680467  0.04644798 -0.03996218  0.03571374  0.03283059 -0.03083969 -0.02946886 -0.02853832
 28.00000000  0.00013307  0.03067792  0.21743275  0.14295917  0.18916628  0.25084124  0.08667908  0.06863900 -0.12791669 -0.12285420 -0.09882030  0.07711942  0.06198295  0.05206646 -0.04551648  0.04106870  0.03797681 -0.03580655 -0.03429425 -0.03325608
 28.50000000  0.00010737  0.02750757  0.21006550  0.16151343  0.16349585  0.26501544  0.14014033  0.00788559 -0.08251641 -0.09616526 -0.08510965  0.07043373  0.05869150  0.05037657 -0.04460843  0.04056569  0.03769642 -0.03565384 -0.03421561 -0.03321834
 29.00000000  0.00008658  0.02464503  0.20276764  0.17991966  0.13225159  0.26663904  0.18160953 -0.04815488 -0.03422887 -0.06234659 -0.06311466  0.05584235  0.04829804  0.04235026 -0.03797550  0.03479952  0.03249454 -0.03082898 -0.02964329 -0.02881236
 29.50000000  0.00006977  0.02206497  0.19555882  0.19788218  0.09639765  0.25615255  0.20939139 -0.09560751  0.01220003 -0.02576782 -0.03632445  0.03599926  0.03284490  0.02962318 -0.02698837  0.02496602  0.02344925 -0.02232995 -0.02152109 -0.02094625
 30.00000000  0.00005620  0.01974251  0.18841480  0.21497711  0.05721057  0.23475233  0.22300551 -0.13188797  0.05296926  0.00965373 -0.00817340  0.01373881  0.01466594  0.01416485 -0.01336214  0.01260305  0.01197416 -0.01148307 -0.01111479 -0.01084461
 30.50000000  0.00004524  0.01765353  0.18128106  0.23070440  0.01616753  0.20422168  0.22304597 -0.15570739  0.08541288  0.04077547  0.01833196 -0.00829074 -0.00394943 -0.00202372  0.00111726 -0.00066027 -0.00041534  0.00027816  0.00020011  0.00015733
 31.00000000  0.00003640  0.01577510  0.17408769  0.24454483 -0.02517564  0.16673241  0.21096806 -0.16695162  0.10803219  0.06539465  0.04085194 -0.02788893 -0.02101279 -0.01715127  0.01481773 -0.01331397 -0.01230091  0.01160303  0.01112177  0.01079250
 31.50000000  0.00002927  0.01408574  0.16676357  0.25601414 -0.06530213  0.12464170  0.18883762 -0.16647531  0.12040417  0.08227618  0.05782365 -0.04345379 -0.03500060 -0.02979988  0.02641937 -0.02411911 -0.02250725  0.02136473  0.02055932  0.01999625
 32.00000000  0.00002353  0.01256567  0.15924818  0.26470846 -0.10283572  0.08030441  0.15907483 -0.15585076  0.12300568  0.09107426  0.06846168 -0.05403121 -0.04492825 -0.03900947  0.03500219 -0.03219569 -0.03018896  0.02874579  0.02771690  0.02698923
 32.50000000  0.00001890  0.01119699  0.15150033  0.27033730 -0.13661874  0.03591558  0.12421744 -0.13710630  0.11699193  0.09218296  0.07267703 -0.05928273 -0.05034770 -0.04429220  0.04006969 -0.03705112 -0.03486154  0.03327046  0.03212670  0.03131059
 33.00000000  0.00001518  0.00996369  0.14350337  0.27274267 -0.16576295 -0.00660877  0.08672072 -0.11248152  0.10396261  0.08654927  0.07094379 -0.05939594 -0.05128805 -0.04559244  0.04152094 -0.03855993 -0.03638612  0.03479258  0.03363886  0.03280914
 33.50000000  0.00001218  0.00885164  0.13526690  0.27190442 -0.18967321 -0.04570932  0.04880379 -0.08421803  0.08574153  0.07547725  0.06414126 -0.05496185 -0.04815991 -0.04321006  0.03958686 -0.03690896 -0.03492065  0.03345099  0.03237969  0.03160334
 34.00000000  0.00000977  0.00784851  0.12682565  0.26793387 -0.20804654 -0.08022159  0.01234531 -0.05439601  0.06418732  0.06044510  0.05339403 -0.04684071 -0.04164305 -0.03770471  0.03474652 -0.03252224 -0.03085102  0.02960500  0.02869025  0.02802201
 34.50000000  0.00000784  0.00694356  0.11823596  0.26105784 -0.22085115 -0.10937937 -0.02117396 -0.02482002  0.04104493  0.04294961  0.03992666 -0.03603310 -0.03257345 -0.02979591  0.02763736 -0.02597882 -0.02471442  0.02376188  0.02305666  0.02253668
 35.00000000  0.00000628  0.00612750  0.10957081  0.25159643 -0.22829060 -0.13279033 -0.05068771  0.00304817  0.01784108  0.02438560  0.02494348 -0.02356790 -0.02184136 -0.02027042  0.01897011 -0.01793363 -0.01712482  0.01650565  0.01604150  0.01569473
