 50.00000000 -0.50000000
 50.00000000 -0.12500000
 50.00000000 -0.05555556
 50.00000000 -0.03125000
 50.00000000 -0.01999999
 50.00000000 -0.01387528
 50.00000000 -0.00970398
 50.00000000 -0.00495901
 50.00000000  0.00124338
 50.00000000  0.00889165
 50.00000000  0.01797894
 50.00000000  0.02854568
 50.00000000  0.04066541
 50.00000000  0.05443915
 50.00000000  0.06999420
 50.00000000  0.08748529
 50.00000000  0.10709730
 50.00000000  0.12904929
 50.00000000  0.15359997
 50.00000000  0.18105467
 50.00000000  0.21177420
 50.00000000  0.24618603
 50.00000000  0.28479845
 50.00000000  0.32821851
 50.00000000  0.37717510
 50.00000000  0.43254850
 50.00000000  0.49540892
 50.00000000  0.56706711
 50.00000000  0.64914141
 50.00000000  0.74364787
 50.00000000  0.85312275
 50.00000000  0.98079147
 50.00000000  1.13080529
 50.00000000  1.30857860
 50.00000000  1.52127861
 50.00000000  1.77855187
 50.00000000  2.09362758
 50.00000000  2.48503907
 50.00000000  2.97939291
 50.00000000  3.61598252
 50.00000000  4.45479585
 50.00000000  5.59109962
 50.00000000  7.18357874
 50.00000000  9.51258857
 50.00000000 13.11184469
 50.00000000 19.10198831
 50.00000000 30.17568687
 50.00000000 54.22735848
 50.00000000123.44600164
 50.00000000501.65888602
 40.00000000 -0.50000000
 40.00000000 -0.12500000
 40.00000000 -0.05555556
 40.00000000 -0.03125000
 40.00000000 -0.01999689
 40.00000000 -0.01355490
 40.00000000 -0.00725837
 40.00000000  0.00119129
 40.00000000  0.01195336
 40.00000000  0.02506190
 40.00000000  0.04064553
 40.00000000  0.05890730
 40.00000000  0.08011941
 40.00000000  0.10462774
 40.00000000  0.13286266
 40.00000000  0.16535564
 40.00000000  0.20276224
 40.00000000  0.24589316
 40.00000000  0.29575604
 40.00000000  0.35361208
 40.00000000  0.42105313
 40.00000000  0.50010852
 40.00000000  0.59339468
 40.00000000  0.70432863
 40.00000000  0.83743822
 40.00000000  0.99882247
 40.00000000  1.19685113
 40.00000000  1.44325640
 40.00000000  1.75488996
 40.00000000  2.15665136
 40.00000000  2.68657289
 40.00000000  3.40508503
 40.00000000  4.41290216
 40.00000000  5.88806938
 40.00000000  8.16976576
 40.00000000 11.97072782
 40.00000000 19.00512119
 40.00000000 34.30442589
 40.00000000 78.41614259
 40.00000000320.16826015
 30.00000000 -0.50000000
 30.00000000 -0.12500000
 30.00000000 -0.05555556
 30.00000000 -0.03124926
 30.00000000 -0.01972885
 30.00000000 -0.01020050
 30.00000000  0.00286095
 30.00000000  0.02019433
 30.00000000  0.04206986
 30.00000000  0.06900537
 30.00000000  0.10176107
 30.00000000  0.14137157
 30.00000000  0.18921593
 30.00000000  0.24712896
 30.00000000  0.31756892
 30.00000000  0.40386975
 30.00000000  0.51062676
 30.00000000  0.64430033
 30.00000000  0.81418903
 30.00000000  1.03405339
 30.00000000  1.32493803
 30.00000000  1.72031832
 30.00000000  2.27604431
 30.00000000  3.09095706
 30.00000000  4.35357447
 30.00000000  6.46057374
 30.00000000 10.36749797
 30.00000000 18.88460241
 30.00000000 43.51849454
 30.00000000179.20651708
 20.00000000 -0.50000000
 20.00000000 -0.12500000
 20.00000000 -0.05555525
 20.00000000 -0.03084976
 20.00000000 -0.01289492
 20.00000000  0.01307805
 20.00000000  0.04985531
 20.00000000  0.09962818
 20.00000000  0.16604140
 20.00000000  0.25478573
 20.00000000  0.37476279
 20.00000000  0.54028829
 20.00000000  0.77539279
 20.00000000  1.12277574
 20.00000000  1.66413886
 20.00000000  2.57192660
 20.00000000  4.26293204
 20.00000000  7.96790797
 20.00000000 18.75320893
 20.00000000 78.77424392
 10.00000000 -0.50000000
 10.00000000 -0.12499912
 10.00000000 -0.05282436
 10.00000000  0.00635217
 10.00000000  0.11449524
 10.00000000  0.31163504
 10.00000000  0.69447315
 10.00000000  1.55545655
 10.00000000  4.12121903
 10.00000000 18.87419229
  5.00000000 -0.50000000
  5.00000000 -0.12216704
  5.00000000  0.04970125
  5.00000000  0.60925927
  5.00000000  4.12987319
500.00000000 -0.50000000
500.00000000 -0.12500000
500.00000000 -0.05555556
500.00000000 -0.03125000
500.00000000 -0.02000000
500.00000000 -0.01388889
500.00000000 -0.01020408
500.00000000 -0.00781250
500.00000000 -0.00617284
500.00000000 -0.00500000
500.00000000 -0.00413223
500.00000000 -0.00347222
500.00000000 -0.00295858
500.00000000 -0.00255102
500.00000000 -0.00222222
500.00000000 -0.00195313
500.00000000 -0.00173010
500.00000000 -0.00154321
500.00000000 -0.00138504
500.00000000 -0.00124997
500.00000000 -0.00113274
500.00000000 -0.00102266
500.00000000 -0.00090265
500.00000000 -0.00076467
500.00000000 -0.00060912
500.00000000 -0.00043752
500.00000000 -0.00025100
500.00000000 -0.00005036
500.00000000  0.00016384
500.00000000  0.00039119
500.00000000  0.00063134
500.00000000  0.00088405
500.00000000  0.00114909
500.00000000  0.00142629
500.00000000  0.00171552
500.00000000  0.00201665
500.00000000  0.00232959
500.00000000  0.00265425
500.00000000  0.00299057
500.00000000  0.00333848
500.00000000  0.00369794
500.00000000  0.00406890
500.00000000  0.00445135
500.00000000  0.00484524
500.00000000  0.00525057
500.00000000  0.00566731
500.00000000  0.00609547
500.00000000  0.00653503
500.00000000  0.00698600
500.00000000  0.00744837
500.00000000  0.00792216
500.00000000  0.00840738
500.00000000  0.00890403
500.00000000  0.00941214
500.00000000  0.00993172
500.00000000  0.01046279
500.00000000  0.01100538
500.00000000  0.01155951
500.00000000  0.01212521
500.00000000  0.01270252
500.00000000  0.01329145
500.00000000  0.01389205
500.00000000  0.01450435
500.00000000  0.01512839
500.00000000  0.01576421
500.00000000  0.01641186
500.00000000  0.01707136
500.00000000  0.01774277
500.00000000  0.01842614
500.00000000  0.01912151
500.00000000  0.01982893
500.00000000  0.02054845
500.00000000  0.02128013
500.00000000  0.02202402
500.00000000  0.02278018
500.00000000  0.02354866
500.00000000  0.02432952
500.00000000  0.02512282
500.00000000  0.02592863
500.00000000  0.02674701
500.00000000  0.02757802
500.00000000  0.02842173
500.00000000  0.02927821
500.00000000  0.03014753
500.00000000  0.03102975
500.00000000  0.03192495
500.00000000  0.03283321
500.00000000  0.03375460
500.00000000  0.03468920
500.00000000  0.03563708
500.00000000  0.03659833
500.00000000  0.03757303
500.00000000  0.03856126
500.00000000  0.03956311
500.00000000  0.04057866
500.00000000  0.04160800
500.00000000  0.04265122
500.00000000  0.04370842
500.00000000  0.04477968
500.00000000  0.04586509
500.00000000  0.04696477
500.00000000  0.04807880
500.00000000  0.04920728
500.00000000  0.05035032
500.00000000  0.05150802
500.00000000  0.05268048
500.00000000  0.05386781
500.00000000  0.05507012
500.00000000  0.05628751
500.00000000  0.05752011
500.00000000  0.05876802
500.00000000  0.06003137
500.00000000  0.06131026
500.00000000  0.06260482
500.00000000  0.06391517
500.00000000  0.06524143
500.00000000  0.06658373
500.00000000  0.06794220
500.00000000  0.06931696
500.00000000  0.07070816
500.00000000  0.07211591
500.00000000  0.07354036
500.00000000  0.07498164
500.00000000  0.07643991
500.00000000  0.07791529
500.00000000  0.07940793
500.00000000  0.08091798
500.00000000  0.08244559
500.00000000  0.08399091
500.00000000  0.08555410
500.00000000  0.08713531
500.00000000  0.08873470
500.00000000  0.09035243
500.00000000  0.09198866
500.00000000  0.09364357
500.00000000  0.09531732
500.00000000  0.09701008
500.00000000  0.09872203
500.00000000  0.10045334
500.00000000  0.10220419
500.00000000  0.10397477
500.00000000  0.10576526
500.00000000  0.10757586
500.00000000  0.10940674
500.00000000  0.11125810
500.00000000  0.11313015
500.00000000  0.11502309
500.00000000  0.11693710
500.00000000  0.11887241
500.00000000  0.12082922
500.00000000  0.12280775
500.00000000  0.12480821
500.00000000  0.12683082
500.00000000  0.12887580
500.00000000  0.13094339
500.00000000  0.13303380
500.00000000  0.13514729
500.00000000  0.13728407
500.00000000  0.13944439
500.00000000  0.14162851
500.00000000  0.14383666
500.00000000  0.14606910
500.00000000  0.14832609
500.00000000  0.15060789
500.00000000  0.15291476
500.00000000  0.15524697
500.00000000  0.15760479
500.00000000  0.15998851
500.00000000  0.16239840
500.00000000  0.16483475
500.00000000  0.16729786
500.00000000  0.16978801
500.00000000  0.17230551
500.00000000  0.17485067
500.00000000  0.17742379
500.00000000  0.18002519
500.00000000  0.18265519
500.00000000  0.18531412
500.00000000  0.18800231
500.00000000  0.19072008
500.00000000  0.19346780
500.00000000  0.19624579
500.00000000  0.19905442
500.00000000  0.20189404
500.00000000  0.20476503
500.00000000  0.20766774
500.00000000  0.21060256
500.00000000  0.21356986
500.00000000  0.21657005
500.00000000  0.21960351
500.00000000  0.22267064
500.00000000  0.22577187
500.00000000  0.22890759
500.00000000  0.23207824
500.00000000  0.23528424
500.00000000  0.23852604
500.00000000  0.24180408
500.00000000  0.24511880
500.00000000  0.24847067
500.00000000  0.25186016
500.00000000  0.25528774
500.00000000  0.25875390
500.00000000  0.26225913
500.00000000  0.26580393
500.00000000  0.26938881
500.00000000  0.27301429
500.00000000  0.27668089
500.00000000  0.28038915
500.00000000  0.28413962
500.00000000  0.28793285
500.00000000  0.29176941
500.00000000  0.29564987
500.00000000  0.29957483
500.00000000  0.30354486
500.00000000  0.30756059
500.00000000  0.31162262
500.00000000  0.31573159
500.00000000  0.31988814
500.00000000  0.32409291
500.00000000  0.32834657
500.00000000  0.33264979
500.00000000  0.33700327
500.00000000  0.34140769
500.00000000  0.34586378
500.00000000  0.35037226
500.00000000  0.35493387
500.00000000  0.35954935
500.00000000  0.36421948
500.00000000  0.36894504
500.00000000  0.37372683
500.00000000  0.37856564
500.00000000  0.38346232
500.00000000  0.38841769
500.00000000  0.39343263
500.00000000  0.39850799
500.00000000  0.40364467
500.00000000  0.40884359
500.00000000  0.41410565
500.00000000  0.41943181
500.00000000  0.42482303
500.00000000  0.43028028
500.00000000  0.43580457
500.00000000  0.44139691
500.00000000  0.44705833
500.00000000  0.45278991
500.00000000  0.45859271
500.00000000  0.46446784
500.00000000  0.47041642
500.00000000  0.47643960
500.00000000  0.48253854
500.00000000  0.48871443
500.00000000  0.49496850
500.00000000  0.50130198
500.00000000  0.50771614
500.00000000  0.51421228
500.00000000  0.52079169
500.00000000  0.52745575
500.00000000  0.53420581
500.00000000  0.54104328
500.00000000  0.54796960
500.00000000  0.55498621
500.00000000  0.56209462
500.00000000  0.56929635
500.00000000  0.57659296
500.00000000  0.58398603
500.00000000  0.59147719
500.00000000  0.59906809
500.00000000  0.60676043
500.00000000  0.61455595
500.00000000  0.62245640
500.00000000  0.63046360
500.00000000  0.63857940
500.00000000  0.64680567
500.00000000  0.65514435
500.00000000  0.66359742
500.00000000  0.67216689
500.00000000  0.68085481
500.00000000  0.68966330
500.00000000  0.69859452
500.00000000  0.70765067
500.00000000  0.71683400
500.00000000  0.72614682
500.00000000  0.73559149
500.00000000  0.74517043
500.00000000  0.75488611
500.00000000  0.76474105
500.00000000  0.77473784
500.00000000  0.78487914
500.00000000  0.79516765
500.00000000  0.80560615
500.00000000  0.81619749
500.00000000  0.82694457
500.00000000  0.83785037
500.00000000  0.84891796
500.00000000  0.86015045
500.00000000  0.87155105
500.00000000  0.88312305
500.00000000  0.89486981
500.00000000  0.90679478
500.00000000  0.91890150
500.00000000  0.93119358
500.00000000  0.94367474
500.00000000  0.95634879
500.00000000  0.96921964
500.00000000  0.98229130
500.00000000  0.99556786
500.00000000  1.00905356
500.00000000  1.02275271
500.00000000  1.03666975
500.00000000  1.05080923
500.00000000  1.06517584
500.00000000  1.07977436
500.00000000  1.09460974
500.00000000  1.10968702
500.00000000  1.12501141
500.00000000  1.14058825
500.00000000  1.15642300
500.00000000  1.17252132
500.00000000  1.18888898
500.00000000  1.20553194
500.00000000  1.22245631
500.00000000  1.23966837
500.00000000  1.25717460
500.00000000  1.27498164
500.00000000  1.29309632
500.00000000  1.31152568
500.00000000  1.33027696
500.00000000  1.34935759
500.00000000  1.36877524
500.00000000  1.38853781
500.00000000  1.40865340
500.00000000  1.42913039
500.00000000  1.44997738
500.00000000  1.47120324
500.00000000  1.49281711
500.00000000  1.51482841
500.00000000  1.53724685
500.00000000  1.56008241
500.00000000  1.58334543
500.00000000  1.60704653
500.00000000  1.63119669
500.00000000  1.65580721
500.00000000  1.68088977
500.00000000  1.70645642
500.00000000  1.73251959
500.00000000  1.75909212
500.00000000  1.78618727
500.00000000  1.81381873
500.00000000  1.84200064
500.00000000  1.87074761
500.00000000  1.90007474
500.00000000  1.92999765
500.00000000  1.96053248
500.00000000  1.99169592
500.00000000  2.02350523
500.00000000  2.05597827
500.00000000  2.08913354
500.00000000  2.12299017
500.00000000  2.15756797
500.00000000  2.19288745
500.00000000  2.22896987
500.00000000  2.26583725
500.00000000  2.30351241
500.00000000  2.34201900
500.00000000  2.38138156
500.00000000  2.42162554
500.00000000  2.46277732
500.00000000  2.50486430
500.00000000  2.54791493
500.00000000  2.59195871
500.00000000  2.63702632
500.00000000  2.68314962
500.00000000  2.73036172
500.00000000  2.77869703
500.00000000  2.82819135
500.00000000  2.87888190
500.00000000  2.93080743
500.00000000  2.98400825
500.00000000  3.03852633
500.00000000  3.09440541
500.00000000  3.15169102
500.00000000  3.21043065
500.00000000  3.27067379
500.00000000  3.33247206
500.00000000  3.39587931
500.00000000  3.46095175
500.00000000  3.52774807
500.00000000  3.59632956
500.00000000  3.66676026
500.00000000  3.73910713
500.00000000  3.81344015
500.00000000  3.88983256
500.00000000  3.96836100
500.00000000  4.04910569
500.00000000  4.13215069
500.00000000  4.21758404
500.00000000  4.30549807
500.00000000  4.39598960
500.00000000  4.48916023
500.00000000  4.58511659
500.00000000  4.68397071
500.00000000  4.78584029
500.00000000  4.89084906
500.00000000  4.99912717
500.00000000  5.11081159
500.00000000  5.22604655
500.00000000  5.34498396
500.00000000  5.46778398
500.00000000  5.59461552
500.00000000  5.72565680
500.00000000  5.86109604
500.00000000  6.00113205
500.00000000  6.14597505
500.00000000  6.29584739
500.00000000  6.45098444
500.00000000  6.61163548
500.00000000  6.77806475
500.00000000  6.95055250
500.00000000  7.12939616
500.00000000  7.31491168
500.00000000  7.50743485
500.00000000  7.70732287
500.00000000  7.91495601
500.00000000  8.13073936
500.00000000  8.35510489
500.00000000  8.58851355
500.00000000  8.83145765
500.00000000  9.08446349
500.00000000  9.34809415
500.00000000  9.62295269
500.00000000  9.90968556
500.00000000 10.20898639
500.00000000 10.52160024
500.00000000 10.84832818
500.00000000 11.19003247
500.00000000 11.54764221
500.00000000 11.92215969
500.00000000 12.31466742
500.00000000 12.72633591
500.00000000 13.15843248
500.00000000 13.61233093
500.00000000 14.08952256
500.00000000 14.59162834
500.00000000 15.12041275
500.00000000 15.67779927
500.00000000 16.26588789
500.00000000 16.88697492
500.00000000 17.54357540
500.00000000 18.23844863
500.00000000 18.97462715
500.00000000 19.75544991
500.00000000 20.58460015
500.00000000 21.46614887
500.00000000 22.40460495
500.00000000 23.40497282
500.00000000 24.47281931
500.00000000 25.61435123
500.00000000 26.83650572
500.00000000 28.14705585
500.00000000 29.55473446
500.00000000 31.06937995
500.00000000 32.70210857
500.00000000 34.46551888
500.00000000 36.37393539
500.00000000 38.44370029
500.00000000 40.69352426
500.00000000 43.14491068
500.00000000 45.82267111
500.00000000 48.75555532
500.00000000 51.97702582
500.00000000 55.52621623
500.00000000 59.44912479
500.00000000 63.80011163
500.00000000 68.64379131
500.00000000 74.05744461
500.00000000 80.13411886
500.00000000 86.98665126
500.00000000 94.75294270
500.00000000103.60294721
500.00000000113.74804553
500.00000000125.45377964
500.00000000139.05739952
500.00000000154.99241807
500.00000000173.82356583
500.00000000196.29750104
500.00000000223.41794608
500.00000000256.55968317
500.00000000297.64619594
500.00000000349.43505773
500.00000000415.99277655
500.00000000503.51774441
500.00000000621.83667480
500.00000000787.28678292
500.00000000************
500.00000000************
500.00000000************
500.00000000************
500.00000000************
500.00000000************
500.00000000************
500.00000000 -0.12500000
500.00000000 -0.05555556
500.00000000 -0.03125000
500.00000000 -0.02000000
500.00000000 -0.01388889
500.00000000 -0.01020408
500.00000000 -0.00781250
500.00000000 -0.00617284
500.00000000 -0.00500000
500.00000000 -0.00413223
500.00000000 -0.00347222
500.00000000 -0.00295858
500.00000000 -0.00255102
500.00000000 -0.00222222
500.00000000 -0.00195312
500.00000000 -0.00173010
500.00000000 -0.00154321
500.00000000 -0.00138504
500.00000000 -0.00124997
500.00000000 -0.00113284
500.00000000 -0.00102331
500.00000000 -0.00090440
500.00000000 -0.00076769
500.00000000 -0.00061344
500.00000000 -0.00044320
500.00000000 -0.00025810
500.00000000 -0.00005893
500.00000000  0.00015375
500.00000000  0.00037950
500.00000000  0.00061799
500.00000000  0.00086897
500.00000000  0.00113223
500.00000000  0.00140758
500.00000000  0.00169489
500.00000000  0.00199404
500.00000000  0.00230493
500.00000000  0.00262747
500.00000000  0.00296160
500.00000000  0.00330726
500.00000000  0.00366440
500.00000000  0.00403297
500.00000000  0.00441296
500.00000000  0.00480433
500.00000000  0.00520706
500.00000000  0.00562114
500.00000000  0.00604657
500.00000000  0.00648333
500.00000000  0.00693142
500.00000000  0.00739085
500.00000000  0.00786162
500.00000000  0.00834375
500.00000000  0.00883725
500.00000000  0.00934212
500.00000000  0.00985840
500.00000000  0.01038609
500.00000000  0.01092523
500.00000000  0.01147583
500.00000000  0.01203793
500.00000000  0.01261156
500.00000000  0.01319674
500.00000000  0.01379351
500.00000000  0.01440190
500.00000000  0.01502195
500.00000000  0.01565371
500.00000000  0.01629721
500.00000000  0.01695249
500.00000000  0.01761959
500.00000000  0.01829857
500.00000000  0.01898947
500.00000000  0.01969234
500.00000000  0.02040723
500.00000000  0.02113419
500.00000000  0.02187327
500.00000000  0.02262454
500.00000000  0.02338804
500.00000000  0.02416384
500.00000000  0.02495199
500.00000000  0.02575255
500.00000000  0.02656560
500.00000000  0.02739118
500.00000000  0.02822938
500.00000000  0.02908024
500.00000000  0.02994386
500.00000000  0.03082028
500.00000000  0.03170959
500.00000000  0.03261186
500.00000000  0.03352716
500.00000000  0.03445556
500.00000000  0.03539716
500.00000000  0.03635202
500.00000000  0.03732022
500.00000000  0.03830185
500.00000000  0.03929700
500.00000000  0.04030574
500.00000000  0.04132817
500.00000000  0.04236436
500.00000000  0.04341442
500.00000000  0.04447844
500.00000000  0.04555650
500.00000000  0.04664870
500.00000000  0.04775515
500.00000000  0.04887593
500.00000000  0.05001115
500.00000000  0.05116091
500.00000000  0.05232531
500.00000000  0.05350445
500.00000000  0.05469846
500.00000000  0.05590742
500.00000000  0.05713146
500.00000000  0.05837069
500.00000000  0.05962522
500.00000000  0.06089516
500.00000000  0.06218064
500.00000000  0.06348177
500.00000000  0.06479868
500.00000000  0.06613149
500.00000000  0.06748032
500.00000000  0.06884531
500.00000000  0.07022658
500.00000000  0.07162427
500.00000000  0.07303850
500.00000000  0.07446942
500.00000000  0.07591717
500.00000000  0.07738187
500.00000000  0.07886369
500.00000000  0.08036275
500.00000000  0.08187922
500.00000000  0.08341323
500.00000000  0.08496494
500.00000000  0.08653451
500.00000000  0.08812208
500.00000000  0.08972783
500.00000000  0.09135190
500.00000000  0.09299447
500.00000000  0.09465570
500.00000000  0.09633576
500.00000000  0.09803482
500.00000000  0.09975306
500.00000000  0.10149065
500.00000000  0.10324778
500.00000000  0.10502462
500.00000000  0.10682136
500.00000000  0.10863819
500.00000000  0.11047530
500.00000000  0.11233288
500.00000000  0.11421113
500.00000000  0.11611026
500.00000000  0.11803046
500.00000000  0.11997195
500.00000000  0.12193492
500.00000000  0.12391960
500.00000000  0.12592620
500.00000000  0.12795493
500.00000000  0.13000604
500.00000000  0.13207973
500.00000000  0.13417624
500.00000000  0.13629580
500.00000000  0.13843865
500.00000000  0.14060504
500.00000000  0.14279520
500.00000000  0.14500939
500.00000000  0.14724785
500.00000000  0.14951085
500.00000000  0.15179864
500.00000000  0.15411149
500.00000000  0.15644967
500.00000000  0.15881344
500.00000000  0.16120310
500.00000000  0.16361892
500.00000000  0.16606118
500.00000000  0.16853018
500.00000000  0.17102622
500.00000000  0.17354959
500.00000000  0.17610059
500.00000000  0.17867954
500.00000000  0.18128676
500.00000000  0.18392256
500.00000000  0.18658727
500.00000000  0.18928121
500.00000000  0.19200473
500.00000000  0.19475817
500.00000000  0.19754187
500.00000000  0.20035618
500.00000000  0.20320146
500.00000000  0.20607809
500.00000000  0.20898642
500.00000000  0.21192683
500.00000000  0.21489971
500.00000000  0.21790545
500.00000000  0.22094443
500.00000000  0.22401706
500.00000000  0.22712376
500.00000000  0.23026493
500.00000000  0.23344100
500.00000000  0.23665239
500.00000000  0.23989955
500.00000000  0.24318291
500.00000000  0.24650293
500.00000000  0.24986007
500.00000000  0.25325479
500.00000000  0.25668757
500.00000000  0.26015890
500.00000000  0.26366925
500.00000000  0.26721914
500.00000000  0.27080907
500.00000000  0.27443956
500.00000000  0.27811114
500.00000000  0.28182433
500.00000000  0.28557968
500.00000000  0.28937776
500.00000000  0.29321911
500.00000000  0.29710433
500.00000000  0.30103398
500.00000000  0.30500866
500.00000000  0.30902899
500.00000000  0.31309556
500.00000000  0.31720902
500.00000000  0.32137000
500.00000000  0.32557914
500.00000000  0.32983711
500.00000000  0.33414459
500.00000000  0.33850225
500.00000000  0.34291080
500.00000000  0.34737094
500.00000000  0.35188339
500.00000000  0.35644891
500.00000000  0.36106823
500.00000000  0.36574212
500.00000000  0.37047135
500.00000000  0.37525673
500.00000000  0.38009906
500.00000000  0.38499916
500.00000000  0.38995787
500.00000000  0.39497604
500.00000000  0.40005456
500.00000000  0.40519429
500.00000000  0.41039615
500.00000000  0.41566106
500.00000000  0.42098996
500.00000000  0.42638380
500.00000000  0.43184356
500.00000000  0.43737024
500.00000000  0.44296485
500.00000000  0.44862842
500.00000000  0.45436201
500.00000000  0.46016670
500.00000000  0.46604358
500.00000000  0.47199377
500.00000000  0.47801841
500.00000000  0.48411866
500.00000000  0.49029571
500.00000000  0.49655078
500.00000000  0.50288510
500.00000000  0.50929992
500.00000000  0.51579654
500.00000000  0.52237627
500.00000000  0.52904045
500.00000000  0.53579045
500.00000000  0.54262766
500.00000000  0.54955351
500.00000000  0.55656945
500.00000000  0.56367697
500.00000000  0.57087759
500.00000000  0.57817286
500.00000000  0.58556435
500.00000000  0.59305369
500.00000000  0.60064252
500.00000000  0.60833253
500.00000000  0.61612545
500.00000000  0.62402303
500.00000000  0.63202707
500.00000000  0.64013941
500.00000000  0.64836194
500.00000000  0.65669656
500.00000000  0.66514524
500.00000000  0.67371000
500.00000000  0.68239287
500.00000000  0.69119596
500.00000000  0.70012141
500.00000000  0.70917141
500.00000000  0.71834821
500.00000000  0.72765411
500.00000000  0.73709144
500.00000000  0.74666262
500.00000000  0.75637010
500.00000000  0.76621639
500.00000000  0.77620407
500.00000000  0.78633577
500.00000000  0.79661419
500.00000000  0.80704209
500.00000000  0.81762230
500.00000000  0.82835771
500.00000000  0.83925128
500.00000000  0.85030605
500.00000000  0.86152513
500.00000000  0.87291170
500.00000000  0.88446903
500.00000000  0.89620046
500.00000000  0.90810943
500.00000000  0.92019943
500.00000000  0.93247408
500.00000000  0.94493706
500.00000000  0.95759216
500.00000000  0.97044325
500.00000000  0.98349433
500.00000000  0.99674946
500.00000000  1.01021284
500.00000000  1.02388876
500.00000000  1.03778164
500.00000000  1.05189598
500.00000000  1.06623645
500.00000000  1.08080780
500.00000000  1.09561492
500.00000000  1.11066284
500.00000000  1.12595672
500.00000000  1.14150186
500.00000000  1.15730369
500.00000000  1.17336782
500.00000000  1.18969997
500.00000000  1.20630607
500.00000000  1.22319217
500.00000000  1.24036452
500.00000000  1.25782952
500.00000000  1.27559378
500.00000000  1.29366407
500.00000000  1.31204737
500.00000000  1.33075086
500.00000000  1.34978191
500.00000000  1.36914814
500.00000000  1.38885736
500.00000000  1.40891762
500.00000000  1.42933721
500.00000000  1.45012468
500.00000000  1.47128880
500.00000000  1.49283865
500.00000000  1.51478355
500.00000000  1.53713312
500.00000000  1.55989727
500.00000000  1.58308622
500.00000000  1.60671051
500.00000000  1.63078101
500.00000000  1.65530891
500.00000000  1.68030579
500.00000000  1.70578357
500.00000000  1.73175457
500.00000000  1.75823150
500.00000000  1.78522748
500.00000000  1.81275607
500.00000000  1.84083126
500.00000000  1.86946752
500.00000000  1.89867980
500.00000000  1.92848353
500.00000000  1.95889470
500.00000000  1.98992981
500.00000000  2.02160595
500.00000000  2.05394077
500.00000000  2.08695257
500.00000000  2.12066026
500.00000000  2.15508344
500.00000000  2.19024238
500.00000000  2.22615809
500.00000000  2.26285234
500.00000000  2.30034768
500.00000000  2.33866749
500.00000000  2.37783600
500.00000000  2.41787835
500.00000000  2.45882060
500.00000000  2.50068982
500.00000000  2.54351408
500.00000000  2.58732253
500.00000000  2.63214545
500.00000000  2.67801427
500.00000000  2.72496169
500.00000000  2.77302165
500.00000000  2.82222947
500.00000000  2.87262187
500.00000000  2.92423706
500.00000000  2.97711480
500.00000000  3.03129647
500.00000000  3.08682518
500.00000000  3.14374583
500.00000000  3.20210519
500.00000000  3.26195204
500.00000000  3.32333722
500.00000000  3.38631379
500.00000000  3.45093709
500.00000000  3.51726491
500.00000000  3.58535758
500.00000000  3.65527815
500.00000000  3.72709248
500.00000000  3.80086944
500.00000000  3.87668107
500.00000000  3.95460273
500.00000000  4.03471332
500.00000000  4.11709544
500.00000000  4.20183565
500.00000000  4.28902465
500.00000000  4.37875757
500.00000000  4.47113418
500.00000000  4.56625921
500.00000000  4.66424261
500.00000000  4.76519992
500.00000000  4.86925253
500.00000000  4.97652812
500.00000000  5.08716103
500.00000000  5.20129265
500.00000000  5.31907190
500.00000000  5.44065572
500.00000000  5.56620957
500.00000000  5.69590802
500.00000000  5.82993533
500.00000000  5.96848612
500.00000000  6.11176607
500.00000000  6.25999268
500.00000000  6.41339613
500.00000000  6.57222010
500.00000000  6.73672281
500.00000000  6.90717805
500.00000000  7.08387628
500.00000000  7.26712592
500.00000000  7.45725467
500.00000000  7.65461097
500.00000000  7.85956562
500.00000000  8.07251349
500.00000000  8.29387546
500.00000000  8.52410045
500.00000000  8.76366775
500.00000000  9.01308949
500.00000000  9.27291337
500.00000000  9.54372566
500.00000000  9.82615456
500.00000000 10.12087379
500.00000000 10.42860661
500.00000000 10.75013032
500.00000000 11.08628108
500.00000000 11.43795943
500.00000000 11.80613628
500.00000000 12.19185963
500.00000000 12.59626203
500.00000000 13.02056888
500.00000000 13.46610777
500.00000000 13.93431882
500.00000000 14.42676634
500.00000000 14.94515193
500.00000000 15.49132918
500.00000000 16.06732023
500.00000000 16.67533455
500.00000000 17.31779013
500.00000000 17.99733754
500.00000000 18.71688730
500.00000000 19.47964111
500.00000000 20.28912750
500.00000000 21.14924269
500.00000000 22.06429754
500.00000000 23.03907167
500.00000000 24.07887597
500.00000000 25.18962506
500.00000000 26.37792156
500.00000000 27.65115442
500.00000000 29.01761401
500.00000000 30.48662737
500.00000000 32.06871776
500.00000000 33.77579359
500.00000000 35.62137307
500.00000000 37.62085263
500.00000000 39.79182896
500.00000000 42.15448741
500.00000000 44.73207279
500.00000000 47.55146313
500.00000000 50.64387312
500.00000000 54.04572162
500.00000000 57.79970867
500.00000000 61.95616175
500.00000000 66.57473119
500.00000000 71.72654208
500.00000000 77.49694874
500.00000000 83.98909278
500.00000000 91.32854411
500.00000000 99.66941885
500.00000000109.20253656
500.00000000120.16643287
500.00000000132.86242936
500.00000000147.67556411
500.00000000165.10414037
500.00000000185.80220188
500.00000000210.64182785
500.00000000240.80656976
500.00000000277.93518820
500.00000000324.34920826
500.00000000383.42521912
500.00000000460.22763188
500.00000000562.63320620
500.00000000703.43854223
500.00000000904.57220872
500.00000000************
500.00000000************
500.00000000************
500.00000000************
500.00000000************
500.00000000************
500.00000000 -0.12500000
500.00000000 -0.05555556
500.00000000 -0.03125000
500.00000000 -0.02000000
500.00000000 -0.01388889
500.00000000 -0.01020408
500.00000000 -0.00781250
500.00000000 -0.00617284
500.00000000 -0.00500000
500.00000000 -0.00413223
500.00000000 -0.00347222
500.00000000 -0.00295858
500.00000000 -0.00255102
500.00000000 -0.00222222
500.00000000 -0.00195312
500.00000000 -0.00173010
500.00000000 -0.00154321
500.00000000 -0.00138504
500.00000000 -0.00124997
500.00000000 -0.00113284
500.00000000 -0.00102331
500.00000000 -0.00090440
500.00000000 -0.00076769
500.00000000 -0.00061344
500.00000000 -0.00044320
500.00000000 -0.00025810
500.00000000 -0.00005893
500.00000000  0.00015375
500.00000000  0.00037950
500.00000000  0.00061799
500.00000000  0.00086897
500.00000000  0.00113223
500.00000000  0.00140758
500.00000000  0.00169489
500.00000000  0.00199404
500.00000000  0.00230493
500.00000000  0.00262747
500.00000000  0.00296160
500.00000000  0.00330726
500.00000000  0.00366440
500.00000000  0.00403297
500.00000000  0.00441296
500.00000000  0.00480433
500.00000000  0.00520706
500.00000000  0.00562114
500.00000000  0.00604657
500.00000000  0.00648333
500.00000000  0.00693142
500.00000000  0.00739085
500.00000000  0.00786162
500.00000000  0.00834375
500.00000000  0.00883725
500.00000000  0.00934212
500.00000000  0.00985840
500.00000000  0.01038609
500.00000000  0.01092523
500.00000000  0.01147583
500.00000000  0.01203793
500.00000000  0.01261156
500.00000000  0.01319674
500.00000000  0.01379351
500.00000000  0.01440190
500.00000000  0.01502195
500.00000000  0.01565371
500.00000000  0.01629721
500.00000000  0.01695249
500.00000000  0.01761959
500.00000000  0.01829857
500.00000000  0.01898947
500.00000000  0.01969234
500.00000000  0.02040723
500.00000000  0.02113419
500.00000000  0.02187327
500.00000000  0.02262454
500.00000000  0.02338804
500.00000000  0.02416384
500.00000000  0.02495199
500.00000000  0.02575255
500.00000000  0.02656560
500.00000000  0.02739118
500.00000000  0.02822938
500.00000000  0.02908024
500.00000000  0.02994386
500.00000000  0.03082028
500.00000000  0.03170959
500.00000000  0.03261186
500.00000000  0.03352716
500.00000000  0.03445556
500.00000000  0.03539716
500.00000000  0.03635202
500.00000000  0.03732022
500.00000000  0.03830185
500.00000000  0.03929700
500.00000000  0.04030574
500.00000000  0.04132817
500.00000000  0.04236436
500.00000000  0.04341442
500.00000000  0.04447844
500.00000000  0.04555650
500.00000000  0.04664870
500.00000000  0.04775515
500.00000000  0.04887593
500.00000000  0.05001115
500.00000000  0.05116091
500.00000000  0.05232531
500.00000000  0.05350445
500.00000000  0.05469846
500.00000000  0.05590742
500.00000000  0.05713146
500.00000000  0.05837069
500.00000000  0.05962522
500.00000000  0.06089516
500.00000000  0.06218064
500.00000000  0.06348177
500.00000000  0.06479868
500.00000000  0.06613149
500.00000000  0.06748032
500.00000000  0.06884531
500.00000000  0.07022658
500.00000000  0.07162427
500.00000000  0.07303850
500.00000000  0.07446942
500.00000000  0.07591717
500.00000000  0.07738187
500.00000000  0.07886369
500.00000000  0.08036275
500.00000000  0.08187922
500.00000000  0.08341323
500.00000000  0.08496494
500.00000000  0.08653451
500.00000000  0.08812208
500.00000000  0.08972783
500.00000000  0.09135190
500.00000000  0.09299447
500.00000000  0.09465570
500.00000000  0.09633576
500.00000000  0.09803482
500.00000000  0.09975306
500.00000000  0.10149065
500.00000000  0.10324778
500.00000000  0.10502462
500.00000000  0.10682136
500.00000000  0.10863819
500.00000000  0.11047530
500.00000000  0.11233288
500.00000000  0.11421113
500.00000000  0.11611026
500.00000000  0.11803046
500.00000000  0.11997195
500.00000000  0.12193492
500.00000000  0.12391960
500.00000000  0.12592620
500.00000000  0.12795493
500.00000000  0.13000604
500.00000000  0.13207973
500.00000000  0.13417624
500.00000000  0.13629580
500.00000000  0.13843865
500.00000000  0.14060504
500.00000000  0.14279520
500.00000000  0.14500939
500.00000000  0.14724785
500.00000000  0.14951085
500.00000000  0.15179864
500.00000000  0.15411149
500.00000000  0.15644967
500.00000000  0.15881344
500.00000000  0.16120310
500.00000000  0.16361892
500.00000000  0.16606118
500.00000000  0.16853018
500.00000000  0.17102622
500.00000000  0.17354959
500.00000000  0.17610059
500.00000000  0.17867954
500.00000000  0.18128676
500.00000000  0.18392256
500.00000000  0.18658727
500.00000000  0.18928121
500.00000000  0.19200473
500.00000000  0.19475817
500.00000000  0.19754187
500.00000000  0.20035618
500.00000000  0.20320146
500.00000000  0.20607809
500.00000000  0.20898642
500.00000000  0.21192683
500.00000000  0.21489971
500.00000000  0.21790545
500.00000000  0.22094443
500.00000000  0.22401706
500.00000000  0.22712376
500.00000000  0.23026493
500.00000000  0.23344100
500.00000000  0.23665239
500.00000000  0.23989955
500.00000000  0.24318291
500.00000000  0.24650293
500.00000000  0.24986007
500.00000000  0.25325479
500.00000000  0.25668757
500.00000000  0.26015890
500.00000000  0.26366925
500.00000000  0.26721914
500.00000000  0.27080907
500.00000000  0.27443956
500.00000000  0.27811114
500.00000000  0.28182433
500.00000000  0.28557968
500.00000000  0.28937776
500.00000000  0.29321911
500.00000000  0.29710433
500.00000000  0.30103398
500.00000000  0.30500866
500.00000000  0.30902899
500.00000000  0.31309556
500.00000000  0.31720902
500.00000000  0.32137000
500.00000000  0.32557914
500.00000000  0.32983711
500.00000000  0.33414459
500.00000000  0.33850225
500.00000000  0.34291080
500.00000000  0.34737094
500.00000000  0.35188339
500.00000000  0.35644891
500.00000000  0.36106823
500.00000000  0.36574212
500.00000000  0.37047135
500.00000000  0.37525673
500.00000000  0.38009906
500.00000000  0.38499916
500.00000000  0.38995787
500.00000000  0.39497604
500.00000000  0.40005456
500.00000000  0.40519429
500.00000000  0.41039615
500.00000000  0.41566106
500.00000000  0.42098996
500.00000000  0.42638380
500.00000000  0.43184356
500.00000000  0.43737024
500.00000000  0.44296485
500.00000000  0.44862842
500.00000000  0.45436201
500.00000000  0.46016670
500.00000000  0.46604358
500.00000000  0.47199377
500.00000000  0.47801841
500.00000000  0.48411866
500.00000000  0.49029571
500.00000000  0.49655078
500.00000000  0.50288510
500.00000000  0.50929992
500.00000000  0.51579654
500.00000000  0.52237627
500.00000000  0.52904045
500.00000000  0.53579045
500.00000000  0.54262766
500.00000000  0.54955351
500.00000000  0.55656945
500.00000000  0.56367697
500.00000000  0.57087759
500.00000000  0.57817286
500.00000000  0.58556435
500.00000000  0.59305369
500.00000000  0.60064252
500.00000000  0.60833253
500.00000000  0.61612545
500.00000000  0.62402303
500.00000000  0.63202707
500.00000000  0.64013941
500.00000000  0.64836194
500.00000000  0.65669656
500.00000000  0.66514524
500.00000000  0.67371000
500.00000000  0.68239287
500.00000000  0.69119596
500.00000000  0.70012141
500.00000000  0.70917141
500.00000000  0.71834821
500.00000000  0.72765411
500.00000000  0.73709144
500.00000000  0.74666262
500.00000000  0.75637010
500.00000000  0.76621639
500.00000000  0.77620407
500.00000000  0.78633577
500.00000000  0.79661419
500.00000000  0.80704209
500.00000000  0.81762230
500.00000000  0.82835771
500.00000000  0.83925128
500.00000000  0.85030605
500.00000000  0.86152513
500.00000000  0.87291170
500.00000000  0.88446903
500.00000000  0.89620046
500.00000000  0.90810943
500.00000000  0.92019943
500.00000000  0.93247408
500.00000000  0.94493706
500.00000000  0.95759216
500.00000000  0.97044325
500.00000000  0.98349433
500.00000000  0.99674946
500.00000000  1.01021284
500.00000000  1.02388876
500.00000000  1.03778164
500.00000000  1.05189598
500.00000000  1.06623645
500.00000000  1.08080780
500.00000000  1.09561492
500.00000000  1.11066284
500.00000000  1.12595672
500.00000000  1.14150186
500.00000000  1.15730369
500.00000000  1.17336782
500.00000000  1.18969997
500.00000000  1.20630607
500.00000000  1.22319217
500.00000000  1.24036452
500.00000000  1.25782952
500.00000000  1.27559378
500.00000000  1.29366407
500.00000000  1.31204737
500.00000000  1.33075086
500.00000000  1.34978191
500.00000000  1.36914814
500.00000000  1.38885736
500.00000000  1.40891762
500.00000000  1.42933721
500.00000000  1.45012468
500.00000000  1.47128880
500.00000000  1.49283865
500.00000000  1.51478355
500.00000000  1.53713312
500.00000000  1.55989727
500.00000000  1.58308622
500.00000000  1.60671051
500.00000000  1.63078101
500.00000000  1.65530891
500.00000000  1.68030579
500.00000000  1.70578357
500.00000000  1.73175457
500.00000000  1.75823150
500.00000000  1.78522748
500.00000000  1.81275607
500.00000000  1.84083126
500.00000000  1.86946752
500.00000000  1.89867980
500.00000000  1.92848353
500.00000000  1.95889470
500.00000000  1.98992981
500.00000000  2.02160595
500.00000000  2.05394077
500.00000000  2.08695257
500.00000000  2.12066026
500.00000000  2.15508344
500.00000000  2.19024238
500.00000000  2.22615809
500.00000000  2.26285234
500.00000000  2.30034768
500.00000000  2.33866749
500.00000000  2.37783600
500.00000000  2.41787835
500.00000000  2.45882060
500.00000000  2.50068982
500.00000000  2.54351408
500.00000000  2.58732253
500.00000000  2.63214545
500.00000000  2.67801427
500.00000000  2.72496169
500.00000000  2.77302165
500.00000000  2.82222947
500.00000000  2.87262187
500.00000000  2.92423706
500.00000000  2.97711480
500.00000000  3.03129647
500.00000000  3.08682518
500.00000000  3.14374583
500.00000000  3.20210519
500.00000000  3.26195204
500.00000000  3.32333722
500.00000000  3.38631379
500.00000000  3.45093709
500.00000000  3.51726491
500.00000000  3.58535758
500.00000000  3.65527815
500.00000000  3.72709248
500.00000000  3.80086944
500.00000000  3.87668107
500.00000000  3.95460273
500.00000000  4.03471332
500.00000000  4.11709544
500.00000000  4.20183565
500.00000000  4.28902465
500.00000000  4.37875757
500.00000000  4.47113418
500.00000000  4.56625921
500.00000000  4.66424261
500.00000000  4.76519992
500.00000000  4.86925253
500.00000000  4.97652812
500.00000000  5.08716103
500.00000000  5.20129265
500.00000000  5.31907190
500.00000000  5.44065572
500.00000000  5.56620957
500.00000000  5.69590802
500.00000000  5.82993533
500.00000000  5.96848612
500.00000000  6.11176607
500.00000000  6.25999268
500.00000000  6.41339613
500.00000000  6.57222010
500.00000000  6.73672281
500.00000000  6.90717805
500.00000000  7.08387628
500.00000000  7.26712592
500.00000000  7.45725467
500.00000000  7.65461097
500.00000000  7.85956562
500.00000000  8.07251349
500.00000000  8.29387546
500.00000000  8.52410045
500.00000000  8.76366775
500.00000000  9.01308949
500.00000000  9.27291337
500.00000000  9.54372566
500.00000000  9.82615456
500.00000000 10.12087379
500.00000000 10.42860661
500.00000000 10.75013032
500.00000000 11.08628108
500.00000000 11.43795943
500.00000000 11.80613628
500.00000000 12.19185963
500.00000000 12.59626203
500.00000000 13.02056888
500.00000000 13.46610777
500.00000000 13.93431882
500.00000000 14.42676634
500.00000000 14.94515193
500.00000000 15.49132918
500.00000000 16.06732023
500.00000000 16.67533455
500.00000000 17.31779013
500.00000000 17.99733754
500.00000000 18.71688730
500.00000000 19.47964111
500.00000000 20.28912750
500.00000000 21.14924269
500.00000000 22.06429754
500.00000000 23.03907167
500.00000000 24.07887597
500.00000000 25.18962506
500.00000000 26.37792156
500.00000000 27.65115442
500.00000000 29.01761401
500.00000000 30.48662737
500.00000000 32.06871776
500.00000000 33.77579359
500.00000000 35.62137307
500.00000000 37.62085263
500.00000000 39.79182896
500.00000000 42.15448741
500.00000000 44.73207279
500.00000000 47.55146313
500.00000000 50.64387312
500.00000000 54.04572162
500.00000000 57.79970867
500.00000000 61.95616175
500.00000000 66.57473119
500.00000000 71.72654208
500.00000000 77.49694874
500.00000000 83.98909278
500.00000000 91.32854411
500.00000000 99.66941885
500.00000000109.20253656
500.00000000120.16643287
500.00000000132.86242936
500.00000000147.67556411
500.00000000165.10414037
500.00000000185.80220188
500.00000000210.64182785
500.00000000240.80656976
500.00000000277.93518820
500.00000000324.34920826
500.00000000383.42521912
500.00000000460.22763188
500.00000000562.63320620
500.00000000703.43854223
500.00000000904.57220872
500.00000000************
500.00000000************
500.00000000************
500.00000000************
500.00000000************
500.00000000************
 20.00000000 -0.12500000
 20.00000000 -0.05555549
 20.00000000 -0.03107213
 20.00000000 -0.01537819
 20.00000000  0.00621184
 20.00000000  0.03672081
 20.00000000  0.07757012
 20.00000000  0.13115150
 20.00000000  0.20113126
 20.00000000  0.29302812
 20.00000000  0.41526850
 20.00000000  0.58110188
 20.00000000  0.81222256
 20.00000000  1.14605213
 20.00000000  1.65158918
 20.00000000  2.46761249
 20.00000000  3.90817103
 20.00000000  6.81540117
 20.00000000 14.14816378
 20.00000000 43.53560944
 20.00000000 -0.12500000
 20.00000000 -0.05555549
 20.00000000 -0.03107213
 20.00000000 -0.01537819
 20.00000000  0.00621184
 20.00000000  0.03672081
 20.00000000  0.07757012
 20.00000000  0.13115150
 20.00000000  0.20113126
 20.00000000  0.29302812
 20.00000000  0.41526850
 20.00000000  0.58110188
 20.00000000  0.81222256
 20.00000000  1.14605213
 20.00000000  1.65158918
 20.00000000  2.46761249
 20.00000000  3.90817103
 20.00000000  6.81540117
 20.00000000 14.14816378
 20.00000000 43.53560944
 50.00000000 -0.50000000
 50.00000000 -0.12500000
 50.00000000 -0.05555556
 50.00000000 -0.03125000
 50.00000000 -0.01999999
 50.00000000 -0.01387528
 50.00000000 -0.00970398
 50.00000000 -0.00495901
 50.00000000  0.00124338
 50.00000000  0.00889165
 50.00000000  0.01797894
 50.00000000  0.02854568
 50.00000000  0.04066541
 50.00000000  0.05443915
 50.00000000  0.06999420
 50.00000000  0.08748529
 50.00000000  0.10709730
 50.00000000  0.12904929
 50.00000000  0.15359997
 50.00000000  0.18105467
 50.00000000  0.21177420
 50.00000000  0.24618603
 50.00000000  0.28479845
 50.00000000  0.32821851
 50.00000000  0.37717510
 50.00000000  0.43254850
 50.00000000  0.49540892
 50.00000000  0.56706711
 50.00000000  0.64914141
 50.00000000  0.74364787
 50.00000000  0.85312275
 50.00000000  0.98079147
 50.00000000  1.13080529
 50.00000000  1.30857860
 50.00000000  1.52127861
 50.00000000  1.77855187
 50.00000000  2.09362758
 50.00000000  2.48503907
 50.00000000  2.97939291
 50.00000000  3.61598252
 50.00000000  4.45479585
 50.00000000  5.59109962
 50.00000000  7.18357874
 50.00000000  9.51258857
 50.00000000 13.11184469
 50.00000000 19.10198831
 50.00000000 30.17568687
 50.00000000 54.22735848
 50.00000000123.44600164
 50.00000000501.65888602
 50.00000000 -0.50000000
 50.00000000 -0.12500000
 50.00000000 -0.05555556
 50.00000000 -0.03125000
 50.00000000 -0.01999999
 50.00000000 -0.01387528
 50.00000000 -0.00970398
 50.00000000 -0.00495901
 50.00000000  0.00124338
 50.00000000  0.00889165
 50.00000000  0.01797894
 50.00000000  0.02854568
 50.00000000  0.04066541
 50.00000000  0.05443915
 50.00000000  0.06999420
 50.00000000  0.08748529
 50.00000000  0.10709730
 50.00000000  0.12904929
 50.00000000  0.15359997
 50.00000000  0.18105467
 50.00000000  0.21177420
 50.00000000  0.24618603
 50.00000000  0.28479845
 50.00000000  0.32821851
 50.00000000  0.37717510
 50.00000000  0.43254850
 50.00000000  0.49540892
 50.00000000  0.56706711
 50.00000000  0.64914141
 50.00000000  0.74364787
 50.00000000  0.85312275
 50.00000000  0.98079147
 50.00000000  1.13080529
 50.00000000  1.30857860
 50.00000000  1.52127861
 50.00000000  1.77855187
 50.00000000  2.09362758
 50.00000000  2.48503907
 50.00000000  2.97939291
 50.00000000  3.61598252
 50.00000000  4.45479585
 50.00000000  5.59109962
 50.00000000  7.18357874
 50.00000000  9.51258857
 50.00000000 13.11184469
 50.00000000 19.10198831
 50.00000000 30.17568687
 50.00000000 54.22735848
 50.00000000123.44600164
 50.00000000501.65888602
100.00000000 -0.50000000
100.00000000 -0.12500000
100.00000000 -0.05555556
100.00000000 -0.03125000
100.00000000 -0.02000000
100.00000000 -0.01388889
100.00000000 -0.01020408
100.00000000 -0.00781242
100.00000000 -0.00616024
100.00000000 -0.00478624
100.00000000 -0.00318098
100.00000000 -0.00119483
100.00000000  0.00115150
100.00000000  0.00383900
100.00000000  0.00685847
100.00000000  0.01020659
100.00000000  0.01388374
100.00000000  0.01789293
100.00000000  0.02223922
100.00000000  0.02692937
100.00000000  0.03197165
100.00000000  0.03737575
100.00000000  0.04315270
100.00000000  0.04931487
100.00000000  0.05587599
100.00000000  0.06285117
100.00000000  0.07025696
100.00000000  0.07811144
100.00000000  0.08643428
100.00000000  0.09524685
100.00000000  0.10457234
100.00000000  0.11443591
100.00000000  0.12486482
100.00000000  0.13588860
100.00000000  0.14753926
100.00000000  0.15985150
100.00000000  0.17286293
100.00000000  0.18661436
100.00000000  0.20115010
100.00000000  0.21651828
100.00000000  0.23277123
100.00000000  0.24996593
100.00000000  0.26816445
100.00000000  0.28743448
100.00000000  0.30784999
100.00000000  0.32949184
100.00000000  0.35244860
100.00000000  0.37681739
100.00000000  0.40270490
100.00000000  0.43022852
100.00000000  0.45951761
100.00000000  0.49071500
100.00000000  0.52397867
100.00000000  0.55948373
100.00000000  0.59742466
100.00000000  0.63801791
100.00000000  0.68150496
100.00000000  0.72815583
100.00000000  0.77827321
100.00000000  0.83219732
100.00000000  0.89031161
100.00000000  0.95304947
100.00000000  1.02090228
100.00000000  1.09442893
100.00000000  1.17426721
100.00000000  1.26114762
100.00000000  1.35590992
100.00000000  1.45952335
100.00000000  1.57311135
100.00000000  1.69798190
100.00000000  1.83566509
100.00000000  1.98795995
100.00000000  2.15699320
100.00000000  2.34529349
100.00000000  2.55588610
100.00000000  2.79241469
100.00000000  3.05929928
100.00000000  3.36194354
100.00000000  3.70700941
100.00000000  4.10278572
100.00000000  4.55968902
100.00000000  5.09095398
100.00000000  5.71359991
100.00000000  6.44980717
100.00000000  7.32891494
100.00000000  8.39038248
100.00000000  9.68828431
100.00000000 11.29831856
100.00000000 13.32907256
100.00000000 15.94077834
100.00000000 19.37783860
100.00000000 24.02801320
100.00000000 30.53650221
100.00000000 40.04185486
100.00000000 54.70862466
100.00000000 79.07465065
100.00000000124.02324884
100.00000000221.38910123
100.00000000500.57747728
100.00000000************
100.00000000 -0.12500000
100.00000000 -0.05555556
100.00000000 -0.03125000
100.00000000 -0.02000000
100.00000000 -0.01388889
100.00000000 -0.01020408
100.00000000 -0.00781245
100.00000000 -0.00616352
100.00000000 -0.00482062
100.00000000 -0.00327914
100.00000000 -0.00136834
100.00000000  0.00089424
100.00000000  0.00348902
100.00000000  0.00640631
100.00000000  0.00964229
100.00000000  0.01319686
100.00000000  0.01707252
100.00000000  0.02127374
100.00000000  0.02580667
100.00000000  0.03067890
100.00000000  0.03589934
100.00000000  0.04147819
100.00000000  0.04742692
100.00000000  0.05375824
100.00000000  0.06048617
100.00000000  0.06762606
100.00000000  0.07519465
100.00000000  0.08321018
100.00000000  0.09169241
100.00000000  0.10066282
100.00000000  0.11014464
100.00000000  0.12016303
100.00000000  0.13074522
100.00000000  0.14192069
100.00000000  0.15372134
100.00000000  0.16618172
100.00000000  0.17933923
100.00000000  0.19323444
100.00000000  0.20791133
100.00000000  0.22341765
100.00000000  0.23980527
100.00000000  0.25713062
100.00000000  0.27545510
100.00000000  0.29484567
100.00000000  0.31537537
100.00000000  0.33712402
100.00000000  0.36017896
100.00000000  0.38463588
100.00000000  0.41059982
100.00000000  0.43818621
100.00000000  0.46752217
100.00000000  0.49874788
100.00000000  0.53201828
100.00000000  0.56750490
100.00000000  0.60539802
100.00000000  0.64590921
100.00000000  0.68927423
100.00000000  0.73575635
100.00000000  0.78565036
100.00000000  0.83928712
100.00000000  0.89703903
100.00000000  0.95932639
100.00000000  1.02662499
100.00000000  1.09947512
100.00000000  1.17849233
100.00000000  1.26438036
100.00000000  1.35794669
100.00000000  1.46012150
100.00000000  1.57198065
100.00000000  1.69477394
100.00000000  1.82995995
100.00000000  1.97924933
100.00000000  2.14465889
100.00000000  2.32857970
100.00000000  2.53386370
100.00000000  2.76393440
100.00000000  3.02293004
100.00000000  3.31589036
100.00000000  3.64900288
100.00000000  4.02993131
100.00000000  4.46825923
100.00000000  4.97609724
100.00000000  5.56892672
100.00000000  6.26679140
100.00000000  7.09601088
100.00000000  8.09169483
100.00000000  9.30151578
100.00000000 10.79151579
100.00000000 12.65530382
100.00000000 15.02911195
100.00000000 18.11739987
100.00000000 22.23838822
100.00000000 27.90945323
100.00000000 36.01793218
100.00000000 48.19115036
100.00000000 67.68398893
100.00000000101.81637733
100.00000000170.07350003
100.00000000340.29054482
100.00000000************
100.00000000 -0.50000000
100.00000000 -0.12500000
100.00000000 -0.05555556
100.00000000 -0.03125000
100.00000000 -0.01999998
100.00000000 -0.01387198
100.00000000 -0.00965240
100.00000000 -0.00482837
100.00000000  0.00138594
100.00000000  0.00891992
100.00000000  0.01770618
100.00000000  0.02771349
100.00000000  0.03893087
100.00000000  0.05135988
100.00000000  0.06501083
100.00000000  0.07990081
100.00000000  0.09605254
100.00000000  0.11349376
100.00000000  0.13225683
100.00000000  0.15237861
100.00000000  0.17390034
100.00000000  0.19686773
100.00000000  0.22133106
100.00000000  0.24734534
100.00000000  0.27497051
100.00000000  0.30427175
100.00000000  0.33531979
100.00000000  0.36819122
100.00000000  0.40296899
100.00000000  0.43974277
100.00000000  0.47860958
100.00000000  0.51967428
100.00000000  0.56305027
100.00000000  0.60886017
100.00000000  0.65723667
100.00000000  0.70832340
100.00000000  0.76227592
100.00000000  0.81926283
100.00000000  0.87946703
100.00000000  0.94308709
100.00000000  1.01033880
100.00000000  1.08145692
100.00000000  1.15669715
100.00000000  1.23633827
100.00000000  1.32068470
100.00000000  1.41006921
100.00000000  1.50485616
100.00000000  1.60544504
100.00000000  1.71227456
100.00000000  1.82582730
100.00000000  1.94663500
100.00000000  2.07528466
100.00000000  2.21242544
100.00000000  2.35877674
100.00000000  2.51513743
100.00000000  2.68239651
100.00000000  2.86154561
100.00000000  3.05369342
100.00000000  3.26008262
100.00000000  3.48210973
100.00000000  3.72134847
100.00000000  3.97957740
100.00000000  4.25881268
100.00000000  4.56134710
100.00000000  4.88979692
100.00000000  5.24715807
100.00000000  5.63687419
100.00000000  6.06291932
100.00000000  6.52989893
100.00000000  7.04317417
100.00000000  7.60901559
100.00000000  8.23479469
100.00000000  8.92922408
100.00000000  9.70266122
100.00000000 10.56749548
100.00000000 11.53864574
100.00000000 12.63420623
100.00000000 13.87629318
100.00000000 15.29216709
100.00000000 16.91573786
100.00000000 18.78961005
100.00000000 20.96790127
100.00000000 23.52018685
100.00000000 26.53711608
100.00000000 30.13856112
100.00000000 34.48569331
100.00000000 39.79930832
100.00000000 46.38838806
100.00000000 54.69599604
100.00000000 65.37565732
100.00000000 79.42376371
100.00000000 98.42039974
100.00000000124.99331326
100.00000000163.77682400
100.00000000223.57560398
100.00000000322.83382414
100.00000000505.74645722
100.00000000901.44053606
100.00000000************
100.00000000************
100.00000000 -0.12500000
100.00000000 -0.05555556
100.00000000 -0.03125000
100.00000000 -0.01999999
100.00000000 -0.01387711
100.00000000 -0.00975202
100.00000000 -0.00516565
100.00000000  0.00075418
100.00000000  0.00795169
100.00000000  0.01635837
100.00000000  0.02594190
100.00000000  0.03669022
100.00000000  0.04860368
100.00000000  0.06169124
100.00000000  0.07596841
100.00000000  0.09145610
100.00000000  0.10818002
100.00000000  0.12617024
100.00000000  0.14546103
100.00000000  0.16609079
100.00000000  0.18810207
100.00000000  0.21154162
100.00000000  0.23646058
100.00000000  0.26291463
100.00000000  0.29096425
100.00000000  0.32067497
100.00000000  0.35211774
100.00000000  0.38536923
100.00000000  0.42051228
100.00000000  0.45763635
100.00000000  0.49683803
100.00000000  0.53822162
100.00000000  0.58189976
100.00000000  0.62799413
100.00000000  0.67663624
100.00000000  0.72796830
100.00000000  0.78214420
100.00000000  0.83933059
100.00000000  0.89970807
100.00000000  0.96347256
100.00000000  1.03083681
100.00000000  1.10203204
100.00000000  1.17730991
100.00000000  1.25694457
100.00000000  1.34123511
100.00000000  1.43050823
100.00000000  1.52512131
100.00000000  1.62546585
100.00000000  1.73197142
100.00000000  1.84511007
100.00000000  1.96540150
100.00000000  2.09341879
100.00000000  2.22979515
100.00000000  2.37523152
100.00000000  2.53050543
100.00000000  2.69648119
100.00000000  2.87412174
100.00000000  3.06450240
100.00000000  3.26882689
100.00000000  3.48844620
100.00000000  3.72488062
100.00000000  3.97984580
100.00000000  4.25528364
100.00000000  4.55339897
100.00000000  4.87670343
100.00000000  5.22806804
100.00000000  5.61078670
100.00000000  6.02865311
100.00000000  6.48605458
100.00000000  6.98808694
100.00000000  7.54069638
100.00000000  8.15085553
100.00000000  8.82678352
100.00000000  9.57822323
100.00000000 10.41679316
100.00000000 11.35643787
100.00000000 12.41400999
100.00000000 13.61002932
100.00000000 14.96968372
100.00000000 16.52416373
100.00000000 18.31246465
100.00000000 20.38385279
100.00000000 22.80129139
100.00000000 25.64627776
100.00000000 29.02579771
100.00000000 33.08252648
100.00000000 38.01013196
100.00000000 44.07682019
100.00000000 51.66261842
100.00000000 61.32038559
100.00000000 73.87952832
100.00000000 90.63036691
100.00000000113.66974810
100.00000000146.59199951
100.00000000195.98497767
100.00000000275.01638299
100.00000000413.27579662
100.00000000689.45428105
100.00000000************
100.00000000************
100.00000000 -0.12500000
100.00000000 -0.05555556
100.00000000 -0.03125000
100.00000000 -0.02000000
100.00000000 -0.01388889
100.00000000 -0.01020408
100.00000000 -0.00781245
100.00000000 -0.00616352
100.00000000 -0.00482062
100.00000000 -0.00327914
100.00000000 -0.00136834
100.00000000  0.00089424
100.00000000  0.00348902
100.00000000  0.00640631
100.00000000  0.00964229
100.00000000  0.01319686
100.00000000  0.01707252
100.00000000  0.02127374
100.00000000  0.02580667
100.00000000  0.03067890
100.00000000  0.03589934
100.00000000  0.04147819
100.00000000  0.04742692
100.00000000  0.05375824
100.00000000  0.06048617
100.00000000  0.06762606
100.00000000  0.07519465
100.00000000  0.08321018
100.00000000  0.09169241
100.00000000  0.10066282
100.00000000  0.11014464
100.00000000  0.12016303
100.00000000  0.13074522
100.00000000  0.14192069
100.00000000  0.15372134
100.00000000  0.16618172
100.00000000  0.17933923
100.00000000  0.19323444
100.00000000  0.20791133
100.00000000  0.22341765
100.00000000  0.23980527
100.00000000  0.25713062
100.00000000  0.27545510
100.00000000  0.29484567
100.00000000  0.31537537
100.00000000  0.33712402
100.00000000  0.36017896
100.00000000  0.38463588
100.00000000  0.41059982
100.00000000  0.43818621
100.00000000  0.46752217
100.00000000  0.49874788
100.00000000  0.53201828
100.00000000  0.56750490
100.00000000  0.60539802
100.00000000  0.64590921
100.00000000  0.68927423
100.00000000  0.73575635
100.00000000  0.78565036
100.00000000  0.83928712
100.00000000  0.89703903
100.00000000  0.95932639
100.00000000  1.02662499
100.00000000  1.09947512
100.00000000  1.17849233
100.00000000  1.26438036
100.00000000  1.35794669
100.00000000  1.46012150
100.00000000  1.57198065
100.00000000  1.69477394
100.00000000  1.82995995
100.00000000  1.97924933
100.00000000  2.14465889
100.00000000  2.32857970
100.00000000  2.53386370
100.00000000  2.76393440
100.00000000  3.02293004
100.00000000  3.31589036
100.00000000  3.64900288
100.00000000  4.02993131
100.00000000  4.46825923
100.00000000  4.97609724
100.00000000  5.56892672
100.00000000  6.26679140
100.00000000  7.09601088
100.00000000  8.09169483
100.00000000  9.30151578
100.00000000 10.79151579
100.00000000 12.65530382
100.00000000 15.02911195
100.00000000 18.11739987
100.00000000 22.23838822
100.00000000 27.90945323
100.00000000 36.01793218
100.00000000 48.19115036
100.00000000 67.68398893
100.00000000101.81637733
100.00000000170.07350003
100.00000000340.29054482
100.00000000************
100.00000000 -0.50000000
100.00000000 -0.12500000
100.00000000 -0.05555556
100.00000000 -0.03125000
100.00000000 -0.01999998
100.00000000 -0.01387198
100.00000000 -0.00965240
100.00000000 -0.00482837
100.00000000  0.00138594
100.00000000  0.00891992
100.00000000  0.01770618
100.00000000  0.02771349
100.00000000  0.03893087
100.00000000  0.05135988
100.00000000  0.06501083
100.00000000  0.07990081
100.00000000  0.09605254
100.00000000  0.11349376
100.00000000  0.13225683
100.00000000  0.15237861
100.00000000  0.17390034
100.00000000  0.19686773
100.00000000  0.22133106
100.00000000  0.24734534
100.00000000  0.27497051
100.00000000  0.30427175
100.00000000  0.33531979
100.00000000  0.36819122
100.00000000  0.40296899
100.00000000  0.43974277
100.00000000  0.47860958
100.00000000  0.51967428
100.00000000  0.56305027
100.00000000  0.60886017
100.00000000  0.65723667
100.00000000  0.70832340
100.00000000  0.76227592
100.00000000  0.81926283
100.00000000  0.87946703
100.00000000  0.94308709
100.00000000  1.01033880
100.00000000  1.08145692
100.00000000  1.15669715
100.00000000  1.23633827
100.00000000  1.32068470
100.00000000  1.41006921
100.00000000  1.50485616
100.00000000  1.60544504
100.00000000  1.71227456
100.00000000  1.82582730
100.00000000  1.94663500
100.00000000  2.07528466
100.00000000  2.21242544
100.00000000  2.35877674
100.00000000  2.51513743
100.00000000  2.68239651
100.00000000  2.86154561
100.00000000  3.05369342
100.00000000  3.26008262
100.00000000  3.48210973
100.00000000  3.72134847
100.00000000  3.97957740
100.00000000  4.25881268
100.00000000  4.56134710
100.00000000  4.88979692
100.00000000  5.24715807
100.00000000  5.63687419
100.00000000  6.06291932
100.00000000  6.52989893
100.00000000  7.04317417
100.00000000  7.60901559
100.00000000  8.23479469
100.00000000  8.92922408
100.00000000  9.70266122
100.00000000 10.56749548
100.00000000 11.53864574
100.00000000 12.63420623
100.00000000 13.87629318
100.00000000 15.29216709
100.00000000 16.91573786
100.00000000 18.78961005
100.00000000 20.96790127
100.00000000 23.52018685
100.00000000 26.53711608
100.00000000 30.13856112
100.00000000 34.48569331
100.00000000 39.79930832
100.00000000 46.38838806
100.00000000 54.69599604
100.00000000 65.37565732
100.00000000 79.42376371
100.00000000 98.42039974
100.00000000124.99331326
100.00000000163.77682400
100.00000000223.57560398
100.00000000322.83382414
100.00000000505.74645722
100.00000000901.44053606
100.00000000************
100.00000000************
